desc: I1 cache:         16384 B, 64 B, 4-way associative
desc: D1 cache:         16384 B, 64 B, 4-way associative
desc: LL cache:         262144 B, 64 B, 8-way associative
cmd: ./cache_test
events: Ir I1mr ILmr Dr D1mr DLmr Dw D1mw DLmw 
fl=./csu/../csu/libc-start.c
fn=__libc_start_main@@GLIBC_2.34
128 3 1 1 2 1 0 0 0 0
134 2 0 0 1 1 0 0 0 0
135 7 1 1 2 1 1 0 0 0
138 1 0 0 1 1 0 0 0 0
139 1 0 0 0 0 0 0 0 0
142 3 0 0 2 1 1 0 0 0
143 3 0 0 2 0 0 0 0 0
144 14 1 0 0 0 0 0 0 0
145 10 1 1 2 1 0 0 0 0
242 11 1 1 0 0 0 11 0 0
311 2 0 0 0 0 0 0 0 0
312 3 0 0 0 0 0 0 0 0
337 5 1 1 2 0 0 0 0 0
340 1 0 0 0 0 0 0 0 0
343 3 0 0 2 2 0 0 0 0
350 2 2 0 1 1 0 0 0 0
352 1 0 0 0 0 0 0 0 0
360 4 0 0 0 0 0 0 0 0
fl=./csu/../sysdeps/aarch64/crti.S
fn=call_weak_fn
63 1 1 1 0 0 0 0 0 0
64 1 0 0 1 1 1 0 0 0
65 1 0 0 0 0 0 0 0 0
68 1 0 0 0 0 0 0 0 0
fl=./csu/../sysdeps/nptl/libc_start_call_main.h
fn=(below main)
29 11 1 1 2 1 0 6 0 0
44 2 1 1 0 0 0 0 0 0
46 1 0 0 0 0 0 0 0 0
48 1 0 0 0 0 0 0 0 0
51 3 0 0 1 1 1 1 0 0
52 1 0 0 0 0 0 0 0 0
55 3 0 0 0 0 0 1 0 0
58 7 1 1 5 2 0 0 0 0
74 1 0 0 0 0 0 0 0 0
fl=./csu/./csu/init-first.c
fn=_init_first
46 5 1 1 0 0 0 4 0 0
51 3 0 0 1 0 0 0 0 0
55 8 0 0 4 2 2 0 0 0
61 3 0 0 0 0 0 1 1 1
62 1 0 0 0 0 0 1 0 0
63 3 1 1 1 1 1 1 1 1
71 3 0 0 0 0 0 0 0 0
72 2 0 0 4 0 0 0 0 0
fl=./ctype/./ctype/ctype-info.c
fn=__ctype_init
31 9 1 1 4 3 3 1 0 0
33 5 0 0 3 2 2 1 0 0
35 5 1 1 2 0 0 1 1 0
36 1 0 0 0 0 0 0 0 0
fl=./elf/../include/list.h
fn=__tls_init_tp
43 4 0 0 1 1 0 0 0 0
44 3 1 1 0 0 0 2 0 0
45 1 0 0 0 0 0 1 0 0
46 1 0 0 0 0 0 0 0 0
47 1 0 0 0 0 0 1 0 0
fl=./elf/../include/rtld-malloc.h
fn=__minimal_calloc
56 68 0 0 17 3 0 0 0 0
fn=_dl_allocate_tls_storage
56 4 0 0 1 0 0 0 0 0
fn=_dl_check_map_versions
44 42 1 1 6 1 0 6 0 0
fn=_dl_find_object_init
56 5 0 0 1 0 0 0 0 0
fn=_dl_important_hwcaps
56 10 0 0 3 0 0 1 0 0
fn=_dl_init_paths
56 10 0 0 3 0 0 0 0 0
fn=_dl_map_object_deps
56 30 0 0 6 1 0 0 0 0
fn=_dl_new_object
44 36 1 1 6 0 0 6 0 0
56 25 0 0 5 0 0 0 0 0
fn=allocate_dtv
44 5 0 0 1 0 0 0 0 0
fn=do_lookup_x
44 20 1 1 3 2 2 3 0 0
fn=fillin_rpath.isra.0
50 4 0 0 1 0 0 0 0 0
51 1 0 0 0 0 0 0 0 0
56 5 0 0 1 0 0 0 0 0
fn=init_tls
44 5 0 0 1 0 0 0 0 0
fl=./elf/../include/scratch_buffer.h
fn=_dl_map_object_deps
77 3 0 0 0 0 0 2 1 1
78 2 0 0 0 0 0 1 0 0
85 4 0 0 2 0 0 0 0 0
131 20 0 0 0 0 0 0 0 0
fl=./elf/../misc/sbrk.c
fn=sbrk
37 5 1 1 0 0 0 5 0 0
40 2 0 0 1 0 0 0 0 0
58 1 0 0 0 0 0 0 0 0
62 2 0 0 0 0 0 0 0 0
78 5 1 1 5 0 0 0 0 0
fl=./elf/../nptl/nptl-stack.h
fn=__libc_early_init
58 4 0 0 2 1 1 0 0 0
fl=./elf/../sysdeps/aarch64/dl-bti.c
fn=_dl_bti_check
81 3 1 1 1 1 0 0 0 0
94 1 1 1 0 0 0 0 0 0
fl=./elf/../sysdeps/aarch64/dl-irel.h
fn=_dl_fixup
37 2 1 1 0 0 0 1 0 0
38 93 1 1 1 1 0 0 0 0
39 2 0 0 1 1 1 2 0 0
40 3 0 0 0 0 0 0 0 0
fn=_dl_relocate_object
37 6 1 1 0 0 0 4 0 0
38 6 0 0 2 1 0 0 0 0
39 4 0 0 2 1 0 4 0 0
40 8 0 0 0 0 0 0 0 0
fl=./elf/../sysdeps/aarch64/dl-machine.h
fn=_dl_fixup
145 91 0 0 0 0 0 91 0 0
fn=_dl_relocate_object
67 35 0 0 7 0 0 0 0 0
73 18 2 2 12 5 2 0 0 0
74 12 0 0 6 6 6 0 0 0
78 6 0 0 0 0 0 6 0 0
86 6 0 0 0 0 0 0 0 0
101 30 2 2 12 3 1 6 0 0
173 3365 0 0 0 0 0 0 0 0
175 6733 0 0 0 0 0 3 1 1
177 3365 0 0 0 0 0 0 0 0
186 26876 5 5 10059 3 1 0 0 0
189 3341 0 0 3339 0 0 0 0 0
191 20115 1 1 3350 0 0 0 0 0
194 34478 6 6 0 0 0 0 0 0
206 10050 1 1 3350 422 420 3350 1309 414
209 15 0 0 15 0 0 0 0 0
241 12 0 0 3 1 1 0 0 0
250 6 0 0 3 0 0 3 1 0
251 12 1 1 6 0 0 0 0 0
252 35 1 1 1 0 0 13 0 0
271 15 1 1 0 0 0 0 0 0
273 60 0 0 15 2 0 0 0 0
274 15 0 0 0 0 0 15 5 3
275 60 0 0 30 1 1 0 0 0
289 3 0 0 0 0 0 0 0 0
301 8888 0 0 4444 838 834 2222 527 520
311 1167 0 0 0 0 0 0 0 0
312 1167 0 0 2334 436 436 0 0 0
314 2334 0 0 0 0 0 0 0 0
316 2324 0 0 1162 5 3 0 0 0
339 2324 0 0 1162 0 0 0 0 0
340 3486 0 0 1162 145 145 1162 0 0
344 10 0 0 0 0 0 0 0 0
346 3 0 0 0 0 0 0 0 0
347 12 0 0 6 2 2 0 0 0
348 9 0 0 0 0 0 0 0 0
351 6 1 1 3 1 1 0 0 0
355 21 0 0 9 5 3 0 0 0
363 4 1 1 0 0 0 0 0 0
365 6 1 1 4 0 0 0 0 0
366 4 0 0 2 0 0 0 0 0
368 4 0 0 0 0 0 2 0 0
fn=_dl_start
48 2 0 0 0 0 0 0 0 0
67 2 0 0 1 0 0 0 0 0
175 12 0 0 0 0 0 0 0 0
177 6 0 0 0 0 0 0 0 0
186 49 0 0 18 6 6 0 0 0
190 30 0 0 6 0 0 0 0 0
194 18 0 0 0 0 0 0 0 0
198 18 0 0 6 1 1 6 1 1
301 88 0 0 44 9 9 22 6 6
fn=_dl_sysdep_start
126 6 0 0 2 1 1 0 0 0
fl=./elf/../sysdeps/aarch64/dl-prop.h
fn=dl_main
30 4 0 0 1 0 0 1 0 0
fl=./elf/../sysdeps/aarch64/dl-start.S
fn=(below main)
22 1 1 1 0 0 0 0 0 0
25 1 0 0 0 0 0 0 0 0
26 1 0 0 0 0 0 0 0 0
28 1 0 0 0 0 0 0 0 0
30 1 0 0 0 0 0 0 0 0
32 1 1 1 0 0 0 0 0 0
37 1 0 0 1 1 1 0 0 0
39 1 0 0 0 0 0 0 0 0
41 1 0 0 0 0 0 0 0 0
42 1 0 0 0 0 0 0 0 0
43 1 0 0 0 0 0 0 0 0
44 1 0 0 0 0 0 0 0 0
45 1 0 0 1 0 0 0 0 0
46 1 0 0 0 0 0 0 0 0
48 1 0 0 0 0 0 0 0 0
49 1 0 0 0 0 0 0 0 0
51 1 1 1 0 0 0 0 0 0
52 1 0 0 0 0 0 0 0 0
fl=./elf/../sysdeps/aarch64/dl-tlsdesc.S
fn=_dl_tlsdesc_return
77 2 1 1 0 0 0 0 0 0
79 2 0 0 2 1 1 0 0 0
80 2 0 0 0 0 0 0 0 0
fl=./elf/../sysdeps/aarch64/dl-trampoline.S
fn=_dl_runtime_resolve
38 91 1 1 0 0 0 0 0 0
50 91 0 0 0 0 0 182 2 1
55 91 0 0 0 0 0 182 1 1
59 91 0 0 0 0 0 182 0 0
63 91 0 0 0 0 0 182 0 0
67 91 0 0 0 0 0 182 0 0
71 91 0 0 0 0 0 182 1 1
75 91 0 0 0 0 0 182 1 0
79 91 0 0 0 0 0 182 1 1
83 91 0 0 0 0 0 182 0 0
88 91 0 0 91 0 0 0 0 0
91 91 0 0 91 0 0 0 0 0
93 91 0 0 0 0 0 0 0 0
94 91 0 0 0 0 0 0 0 0
95 91 0 0 0 0 0 0 0 0
96 91 1 1 0 0 0 0 0 0
97 91 0 0 0 0 0 0 0 0
100 91 0 0 0 0 0 0 0 0
103 91 0 0 0 0 0 0 0 0
106 91 0 0 182 2 0 0 0 0
107 91 0 0 182 1 0 0 0 0
108 91 0 0 182 0 0 0 0 0
109 91 0 0 182 0 0 0 0 0
110 91 0 0 182 0 0 0 0 0
111 91 0 0 182 0 0 0 0 0
112 91 0 0 182 0 0 0 0 0
113 91 0 0 182 0 0 0 0 0
114 91 0 0 182 0 0 0 0 0
117 91 0 0 182 1 0 0 0 0
121 91 0 0 0 0 0 0 0 0
fl=./elf/../sysdeps/generic/_itoa.h
fn=_dl_check_map_versions
76 35 0 0 0 0 0 5 0 0
fl=./elf/../sysdeps/generic/dl-cache.h
fn=_dl_load_cache_lookup
194 1 0 0 1 0 0 0 0 0
195 4 1 1 0 0 0 0 0 0
fn=search_cache
125 12 1 1 4 0 0 0 0 0
fl=./elf/../sysdeps/generic/dl-debug.h
fn=dl_main
29 3 0 0 3 0 0 0 0 0
30 1 0 0 0 0 0 1 0 0
fl=./elf/../sysdeps/generic/dl-hash.h
fn=__rtld_malloc_init_real
43 2 1 1 0 0 0 0 0 0
44 2 0 0 0 0 0 0 0 0
45 11 0 0 5 1 1 0 0 0
48 10 0 0 0 0 0 0 0 0
62 15 0 0 0 0 0 0 0 0
67 1 0 0 0 0 0 0 0 0
72 1 0 0 0 0 0 1 0 0
fl=./elf/../sysdeps/generic/dl-new-hash.h
fn=_dl_lookup_symbol_x
69 1847 0 0 0 0 0 0 0 0
70 1847 0 0 0 0 0 0 0 0
74 79829 0 0 40838 1564 1272 0 0 0
77 40838 0 0 0 0 0 0 0 0
80 79810 0 0 39905 529 452 0 0 0
81 39905 0 0 0 0 0 0 0 0
87 914 1 1 0 0 0 0 0 0
89 914 0 0 0 0 0 0 0 0
90 914 0 0 0 0 0 0 0 0
101 3694 0 0 0 0 0 0 0 0
102 38991 0 0 0 0 0 0 0 0
104 38991 0 0 0 0 0 0 0 0
fl=./elf/../sysdeps/generic/dl-protected.h
fn=do_lookup_x
29 7328 3 3 1832 0 0 0 0 0
fl=./elf/../sysdeps/generic/ldsodefs.h
fn=_dl_check_map_versions
81 73 1 1 38 0 0 56 0 0
fn=_dl_fixup
81 91 0 0 91 1 1 0 0 0
fn=_dl_map_object
81 17 0 0 17 0 0 0 0 0
fn=_dl_map_object_deps
81 5 0 0 5 0 0 0 0 0
fn=_dl_map_object_from_fd
81 7 0 0 7 0 0 0 0 0
fn=_dl_new_object
1352 1 0 0 0 0 0 0 0 0
1354 32 0 0 0 0 0 0 0 0
fn=_dl_relocate_object
81 1802 1 1 1774 3 1 0 0 0
142 10062 1 1 3354 0 0 0 0 0
fn=_dl_setup_hash
81 7 0 0 7 0 0 0 0 0
fn=_dl_start
81 9 0 0 3 0 0 0 0 0
fn=check_match
81 3 0 0 3 0 0 0 0 0
fn=dl_main
81 3 0 0 3 0 0 0 0 0
fn=do_lookup_x
81 5753 0 0 5753 0 0 0 0 0
141 3664 1 1 1832 0 0 0 0 0
142 1832 0 0 0 0 0 0 0 0
fl=./elf/../sysdeps/nptl/dl-mutex.c
fn=__rtld_mutex_init
30 4 1 1 0 0 0 6 0 0
37 2 0 0 1 1 1 0 0 0
40 10 1 1 0 0 0 0 0 0
44 1 0 0 0 0 0 0 0 0
45 13 1 1 3 0 0 1 0 0
47 9 0 0 0 0 0 0 0 0
51 1 0 0 0 0 0 0 0 0
52 11 1 1 3 0 0 1 0 0
53 4 0 0 6 0 0 0 0 0
fl=./elf/../sysdeps/nptl/dl-tls_init_tp.c
fn=__tls_init_tp
66 3 1 0 0 0 0 4 0 0
67 1 0 0 0 0 0 0 0 0
70 2 0 0 0 0 0 0 0 0
73 5 0 0 0 0 0 1 0 0
74 2 0 0 0 0 0 1 0 0
75 2 1 1 0 0 0 1 0 0
80 3 0 0 1 0 0 1 0 0
85 1 0 0 0 0 0 0 0 0
87 1 0 0 0 0 0 2 0 0
88 2 0 0 0 0 0 1 0 0
91 4 0 0 0 0 0 0 0 0
104 5 1 1 1 0 0 0 0 0
115 3 0 0 0 0 0 1 0 0
122 3 0 0 1 0 0 1 0 0
123 3 0 0 4 0 0 0 0 0
fn=__tls_pre_init_tp
54 4 0 0 0 0 0 0 0 0
55 5 0 0 0 0 0 4 1 1
56 4 1 1 0 0 0 2 0 0
59 4 1 1 0 0 0 1 0 0
60 2 0 0 0 0 0 1 0 0
62 1 0 0 0 0 0 0 0 0
fn=rtld_mutex_dummy
44 356 2 1 0 0 0 0 0 0
fl=./elf/../sysdeps/nptl/pthread_early_init.h
fn=__libc_early_init
33 5 0 0 0 0 0 0 0 0
34 3 0 0 1 0 0 0 0 0
38 3 0 0 0 0 0 0 0 0
45 3 0 0 2 0 0 0 0 0
46 2 0 0 0 0 0 0 0 0
52 7 0 0 0 0 0 1 0 0
53 3 2 2 0 0 0 1 0 0
54 1 0 0 0 0 0 1 1 1
57 1 0 0 0 0 0 0 0 0
fl=./elf/../sysdeps/posix/dl-fileid.h
fn=_dl_map_object_from_fd
37 20 1 1 0 0 0 0 0 0
41 10 0 0 10 0 0 10 0 0
49 90 0 0 30 2 1 0 0 0
fl=./elf/../sysdeps/unix/sysv/linux/aarch64/cpu-features.c
fn=_dl_sysdep_start
69 6 1 1 1 0 0 0 0 0
70 1 0 0 0 0 0 0 0 0
78 4 1 1 1 0 0 0 0 0
84 2 0 0 0 0 0 1 0 0
88 1 0 0 0 0 0 0 0 0
90 1 0 0 0 0 0 0 0 0
94 4 0 0 1 0 0 1 0 0
98 1 0 0 0 0 0 1 0 0
102 5 1 1 1 0 0 0 0 0
103 4 0 0 1 0 0 1 0 0
106 6 1 1 0 0 0 1 0 0
109 2 0 0 1 0 0 0 0 0
111 1 0 0 0 0 0 0 0 0
115 1 0 0 0 0 0 0 0 0
116 1 0 0 0 0 0 0 0 0
119 1 0 0 0 0 0 0 0 0
126 4 1 1 1 0 0 1 0 0
129 3 0 0 1 0 0 1 0 0
fl=./elf/../sysdeps/unix/sysv/linux/aarch64/dl-procinfo.h
fn=_dl_important_hwcaps
37 16 1 1 2 0 0 2 0 0
fl=./elf/../sysdeps/unix/sysv/linux/brk.c
fn=brk
36 1 1 1 0 0 0 0 0 0
37 2 0 0 0 0 0 1 1 1
38 2 0 0 0 0 0 0 0 0
44 1 0 0 0 0 0 0 0 0
45 1 0 0 0 0 0 0 0 0
fl=./elf/../sysdeps/unix/sysv/linux/brk_call.h
fn=brk
24 2 0 0 0 0 0 0 0 0
fl=./elf/../sysdeps/unix/sysv/linux/dl-osinfo.h
fn=dl_main
39 1 0 0 0 0 0 0 0 0
fl=./elf/../sysdeps/unix/sysv/linux/dl-parse_auxv.h
fn=_dl_sysdep_parse_arguments
32 3 1 1 0 0 0 1 0 0
33 2 0 0 0 0 0 1 0 0
39 2 0 0 0 0 0 1 0 0
41 43 0 0 21 0 0 0 0 0
42 40 0 0 0 0 0 0 0 0
43 40 0 0 20 5 5 20 0 0
45 2 0 0 1 0 0 0 0 0
46 4 0 0 1 0 0 1 0 0
47 1 0 0 0 0 0 1 0 0
48 2 0 0 2 0 0 1 0 0
49 2 0 0 2 0 0 1 0 0
50 2 1 1 1 0 0 1 0 0
51 2 0 0 1 0 0 1 0 0
52 1 0 0 0 0 0 1 0 0
53 2 0 0 1 0 0 2 1 1
54 2 0 0 1 0 0 1 1 1
fl=./elf/../sysdeps/unix/sysv/linux/dl-sysdep.c
fn=_dl_sysdep_parse_arguments
78 5 1 1 0 0 0 6 2 2
79 3 0 0 1 1 1 1 1 1
80 2 0 0 0 0 0 1 0 0
81 5 0 0 0 0 0 1 1 1
83 109 1 1 54 7 7 0 0 0
86 4 0 0 0 0 0 1 1 1
90 6 0 0 0 0 0 0 0 0
93 2 1 1 1 0 0 1 0 0
94 2 0 0 1 0 0 1 0 0
95 2 0 0 1 0 0 1 0 0
96 4 0 0 6 0 0 0 0 0
fn=_dl_sysdep_start
102 7 2 2 0 0 0 10 2 2
103 3 0 0 0 0 0 1 0 0
106 2 0 0 0 0 0 0 0 0
110 3 0 0 1 0 0 0 0 0
113 1 0 0 0 0 0 0 0 0
115 2 0 0 0 0 0 0 0 0
122 2 0 0 1 0 0 0 0 0
123 2 0 0 0 0 0 1 0 0
125 6 1 1 0 0 0 0 0 0
137 2 0 0 1 0 0 0 0 0
140 6 0 0 3 0 0 0 0 0
143 10 3 3 11 3 3 0 0 0
fn=_dl_sysdep_start_cleanup
148 1 1 1 0 0 0 0 0 0
fl=./elf/../sysdeps/unix/sysv/linux/dl-vdso-setup.h
fn=dl_main
30 4 1 1 0 0 0 1 0 0
33 3 0 0 0 0 0 1 0 0
45 4 1 1 0 0 0 3 0 0
fl=./elf/../sysdeps/unix/sysv/linux/dl-vdso.h
fn=dl_main
40 3 1 1 1 0 0 0 0 0
41 1 0 0 0 0 0 0 0 0
55 2 0 0 0 0 0 0 0 0
fl=./elf/../sysdeps/unix/sysv/linux/rseq-internal.h
fn=__tls_init_tp
41 1 0 0 0 0 0 0 0 0
46 1 0 0 0 0 0 0 0 0
50 4 0 0 1 0 0 0 0 0
59 2 0 0 0 0 0 1 0 0
60 1 0 0 0 0 0 1 0 0
61 1 0 0 0 0 0 1 0 0
63 6 1 1 0 0 0 0 0 0
65 2 0 0 0 0 0 0 0 0
70 2 0 0 0 0 0 1 0 0
fl=./elf/./dl-find_object.h
fn=_dl_find_object_from_map
95 16 1 1 8 4 2 8 3 3
96 24 0 0 8 1 1 8 0 0
97 16 0 0 0 0 0 8 0 0
103 32 0 0 16 7 7 0 0 0
104 136 0 0 0 0 0 0 0 0
105 168 1 1 48 34 34 0 0 0
107 40 0 0 16 0 0 8 0 0
120 8 0 0 0 0 0 0 0 0
fl=./elf/./dl-hwcaps.h
fn=_dl_important_hwcaps
54 5 1 1 1 0 0 0 0 0
56 4 0 0 0 0 0 8 0 0
57 1 0 0 0 0 0 0 0 0
88 6 0 0 2 0 0 3 0 0
89 5 0 0 2 0 0 3 0 0
90 3 0 0 0 0 0 0 0 0
fn=copy_hwcaps
56 2 0 0 0 0 0 4 0 0
88 2 0 0 0 0 0 2 0 0
89 2 0 0 0 0 0 2 0 0
90 2 1 1 0 0 0 0 0 0
fl=./elf/./dl-load.h
fn=_dl_map_object_from_fd
91 10 0 0 0 0 0 0 0 0
92 20 0 0 10 0 0 5 0 0
94 20 0 0 10 0 0 0 0 0
95 16 1 1 8 0 0 0 0 0
96 20 1 1 8 0 0 0 0 0
97 12 0 0 4 0 0 0 0 0
99 16 0 0 0 0 0 4 0 0
fl=./elf/./dl-main.h
fn=dl_main
112 5 0 0 4 0 0 0 0 0
fl=./elf/./dl-map-segments.h
fn=_dl_map_object_from_fd
28 15 0 0 5 0 0 0 0 0
29 5 0 0 5 0 0 0 0 0
36 25 1 1 0 0 0 10 0 0
37 55 1 1 0 0 0 20 0 0
41 10 0 0 0 0 0 0 0 0
44 25 0 0 5 0 0 5 0 0
45 40 1 1 10 0 0 0 0 0
49 35 1 1 25 0 0 0 0 0
55 10 0 0 0 0 0 0 0 0
56 65 3 2 35 0 0 35 0 0
58 30 0 0 5 0 0 0 0 0
59 10 0 0 5 0 0 0 0 0
60 10 0 0 0 0 0 0 0 0
61 25 0 0 30 0 0 0 0 0
101 25 1 1 0 0 0 35 0 0
102 5 0 0 0 0 0 0 0 0
105 5 1 1 0 0 0 5 0 0
106 10 5 1 0 0 0 5 0 0
108 5 0 0 0 0 0 0 0 0
115 50 0 0 10 0 0 15 0 0
118 40 1 1 15 0 0 0 0 0
125 15 0 0 5 0 0 5 0 0
127 5 0 0 0 0 0 0 0 0
135 50 0 0 0 0 0 0 0 0
137 15 0 0 10 0 0 0 0 0
139 80 0 0 30 0 0 20 0 0
140 5 0 0 5 0 0 0 0 0
149 30 1 1 20 0 0 0 0 0
155 10 0 0 5 0 0 0 0 0
156 5 0 0 0 0 0 0 0 0
157 35 0 0 5 0 0 0 0 0
158 5 0 0 0 0 0 0 0 0
165 10 0 0 0 0 0 0 0 0
168 5 4 1 0 0 0 0 0 0
176 70 0 0 30 0 0 30 0 0
182 10 0 0 0 0 0 0 0 0
186 18 1 1 0 0 0 6 0 0
189 8 0 0 6 0 0 0 0 0
194 10 1 1 0 0 0 0 0 0
fl=./elf/./dl-sym-post.h
fn=lookup_malloc_symbol
41 8 0 0 0 0 0 0 0 0
53 12 0 0 4 0 0 0 0 0
fl=./elf/./dl-tunable-types.h
fn=do_tunable_update_val
90 2 0 0 0 0 0 0 0 0
fl=./elf/./elf/dl-audit.c
fn=_dl_audit_activity_map
29 6 1 1 0 0 0 8 0 0
30 3 0 0 1 0 0 0 0 0
31 2 0 0 1 0 0 0 0 0
37 5 1 1 8 0 0 0 0 0
fn=_dl_audit_activity_nsid
45 15 4 4 3 2 0 0 0 0
46 3 0 0 0 0 0 0 0 0
47 12 0 0 3 1 1 0 0 0
51 3 0 0 0 0 0 0 0 0
fn=_dl_audit_objclose
97 28 1 1 0 0 0 28 0 0
98 28 1 1 7 0 0 0 0 0
114 21 0 0 28 0 0 0 0 0
fn=_dl_audit_objopen
77 25 1 1 0 0 0 30 2 0
78 20 0 0 5 0 0 0 0 0
93 20 1 1 30 0 0 0 0 0
fn=_dl_audit_preinit
118 5 1 1 0 0 0 6 0 0
119 4 0 0 1 1 1 0 0 0
129 4 0 0 6 0 0 0 0 0
fl=./elf/./elf/dl-cache.c
fn=_dl_cache_libcmp
368 412 1 1 206 0 0 0 0 0
370 808 4 1 0 0 0 0 0 0
372 614 4 1 202 32 31 0 0 0
378 4 0 0 0 0 0 0 0 0
379 8 0 0 0 0 0 0 0 0
380 20 0 0 4 0 0 0 0 0
382 20 4 1 4 0 0 0 0 0
384 8 0 0 0 0 0 0 0 0
390 396 0 0 0 0 0 0 0 0
392 396 0 0 0 0 0 0 0 0
393 33 0 0 0 0 0 0 0 0
396 165 0 0 0 0 0 0 0 0
397 165 0 0 0 0 0 0 0 0
400 8 0 0 4 0 0 0 0 0
401 37 0 0 0 0 0 0 0 0
fn=_dl_load_cache_lookup
413 20 5 2 0 0 0 24 1 1
415 12 0 0 4 0 0 0 0 0
418 16 0 0 4 1 1 0 0 0
421 6 1 1 0 0 0 0 0 0
429 5 0 0 1 0 0 0 0 0
430 19 3 3 3 1 1 0 0 0
433 6 0 0 0 0 0 0 0 0
434 1 0 0 1 0 0 0 0 0
441 1 0 0 0 0 0 0 0 0
442 2 0 0 0 0 0 2 0 0
487 6 0 0 0 0 0 0 0 0
492 16 0 0 4 0 0 0 0 0
495 28 1 1 8 1 0 0 0 0
510 8 0 0 4 0 0 0 0 0
514 4 0 0 0 0 0 0 0 0
522 8 0 0 0 0 0 0 0 0
523 16 0 0 0 0 0 0 0 0
524 16 1 1 0 0 0 0 0 0
525 4 0 0 0 0 0 0 0 0
526 20 0 0 24 0 0 0 0 0
fn=_dl_unload_cache
535 3 1 1 0 0 0 4 0 0
536 6 1 1 1 1 1 0 0 0
538 2 0 0 1 0 0 0 0 0
539 1 0 0 0 0 0 1 0 0
543 1 0 0 0 0 0 1 0 0
545 3 0 0 4 0 0 0 0 0
fn=search_cache
184 37 4 1 0 0 0 0 0 0
206 56 2 2 0 0 0 52 0 0
211 28 1 1 4 0 0 4 0 0
213 36 4 1 0 0 0 8 0 0
214 16 0 0 4 3 0 0 0 0
216 8 0 0 0 0 0 0 0 0
228 66 0 0 0 0 0 0 0 0
230 115 0 0 0 0 0 0 0 0
231 103 0 0 33 29 26 0 0 0
235 66 0 0 0 0 0 0 0 0
239 99 0 0 0 0 0 0 0 0
240 66 0 0 0 0 0 0 0 0
248 16 4 1 0 0 0 0 0 0
250 8 0 0 4 0 0 0 0 0
253 8 0 0 0 0 0 0 0 0
255 20 0 0 0 0 0 0 0 0
257 4 0 0 0 0 0 0 0 0
267 8 0 0 0 0 0 0 0 0
277 12 4 1 4 0 0 0 0 0
278 12 0 0 4 0 0 0 0 0
285 12 0 0 4 0 0 0 0 0
303 16 0 0 0 0 0 0 0 0
306 12 0 0 4 0 0 0 0 0
319 12 1 1 0 0 0 0 0 0
340 4 0 0 0 0 0 0 0 0
356 29 0 0 0 0 0 0 0 0
357 15 0 0 0 0 0 0 0 0
359 14 0 0 0 0 0 0 0 0
363 36 1 1 48 0 0 0 0 0
fl=./elf/./elf/dl-call-libc-early-init.c
fn=_dl_call_libc_early_init
27 5 0 0 0 0 0 4 0 0
29 1 1 1 0 0 0 0 0 0
33 9 0 0 0 0 0 0 0 0
37 1 0 0 0 0 0 0 0 0
39 7 1 1 3 0 0 0 0 0
40 3 0 0 0 0 0 0 0 0
41 2 0 0 4 0 0 0 0 0
fl=./elf/./elf/dl-call_fini.c
fn=_dl_call_fini
24 28 1 1 0 0 0 28 0 0
28 21 0 0 7 0 0 0 0 0
32 21 1 1 7 0 0 7 0 0
34 7 0 0 7 7 6 0 0 0
35 7 0 0 0 0 0 0 0 0
38 15 0 0 10 5 5 0 0 0
39 20 0 0 10 3 3 5 0 0
42 35 1 1 5 0 0 0 0 0
43 10 0 0 5 5 5 0 0 0
47 7 0 0 7 7 7 0 0 0
48 7 0 0 0 0 0 0 0 0
49 25 0 0 10 3 3 0 0 0
50 16 0 0 28 0 0 0 0 0
fl=./elf/./elf/dl-debug.c
fn=_dl_debug_initialize
56 1 1 1 0 0 0 0 0 0
57 2 0 0 0 0 0 0 0 0
59 1 0 0 0 0 0 0 0 0
63 2 0 0 1 1 1 0 0 0
64 2 0 0 0 0 0 1 0 0
85 4 0 0 2 0 0 0 0 0
90 1 0 0 0 0 0 0 0 0
91 3 0 0 0 0 0 1 0 0
92 1 0 0 0 0 0 2 0 0
95 2 1 1 1 0 0 0 0 0
96 9 1 1 1 0 0 1 0 0
99 1 0 0 0 0 0 0 0 0
107 1 0 0 0 0 0 0 0 0
fn=_dl_debug_state
117 2 1 1 0 0 0 0 0 0
fn=_dl_debug_update
38 6 1 1 0 0 0 0 0 0
40 6 0 0 0 0 0 0 0 0
41 12 2 2 0 0 0 0 0 0
44 12 0 0 6 1 1 0 0 0
48 6 0 0 0 0 0 0 0 0
fl=./elf/./elf/dl-deps.c
fn=_dl_map_object_deps
128 4 0 0 0 0 0 3 2 2
130 7 0 0 0 0 0 5 0 0
136 7 1 1 2 0 0 2 0 0
143 11 1 1 0 0 0 14 3 3
144 7 1 1 0 0 0 0 0 0
160 7 0 0 0 0 0 0 0 0
161 1 0 0 1 0 0 0 0 0
164 2 0 0 1 0 0 1 0 0
182 3 0 0 1 0 0 1 0 0
183 2 0 0 0 0 0 0 0 0
184 3 1 1 0 0 0 2 0 0
188 13 1 1 13 0 0 0 0 0
190 7 0 0 0 0 0 0 0 0
193 21 0 0 7 0 0 7 0 0
197 14 0 0 7 2 0 0 0 0
198 40 1 1 13 2 1 0 0 0
201 10 2 0 0 0 0 0 0 0
205 10 0 0 5 0 0 0 0 0
208 22 0 0 11 4 0 0 0 0
210 20 1 1 10 1 0 5 0 0
215 10 0 0 5 0 0 5 0 0
216 5 0 0 0 0 0 5 0 0
217 10 0 0 5 0 0 5 0 0
218 10 3 1 5 0 0 5 0 0
221 287 0 0 146 18 0 5 0 0
222 267 0 0 0 0 0 0 0 0
228 82 7 1 18 0 0 0 0 0
230 9 0 0 0 0 0 9 0 0
232 48 5 1 9 0 0 1 0 0
233 18 1 1 9 0 0 0 0 0
242 9 1 1 9 0 0 0 0 0
244 27 1 1 9 0 0 0 0 0
249 10 0 0 0 0 0 0 0 0
253 5 0 0 0 0 0 5 1 0
254 5 0 0 0 0 0 10 0 0
255 10 0 0 5 0 0 5 0 0
257 15 0 0 5 0 0 5 0 0
259 25 4 1 5 0 0 10 0 0
263 9 0 0 0 0 0 0 0 0
264 14 0 0 0 0 0 7 1 1
266 610 0 0 0 0 0 0 0 0
417 7 1 1 0 0 0 0 0 0
419 10 0 0 0 0 0 5 0 0
422 10 0 0 0 0 0 0 0 0
423 5 0 0 0 0 0 0 0 0
429 5 0 0 0 0 0 5 1 0
430 20 0 0 0 0 0 0 0 0
431 25 0 0 0 0 0 0 0 0
433 5 0 0 0 0 0 0 0 0
434 5 0 0 0 0 0 5 0 0
435 15 0 0 5 0 0 5 0 0
439 21 1 1 14 1 0 0 0 0
441 21 1 1 14 0 0 7 0 0
442 19 2 1 6 0 0 0 0 0
448 6 0 0 2 0 0 0 0 0
449 4 1 1 1 0 0 1 0 0
452 3 1 1 1 0 0 1 0 0
463 3 0 0 1 0 0 0 0 0
465 1 1 1 0 0 0 0 0 0
470 4 0 0 1 0 0 1 0 0
471 1 0 0 0 0 0 1 0 0
472 1 0 0 0 0 0 0 0 0
474 15 0 0 7 0 0 0 0 0
478 21 0 0 14 0 0 0 0 0
483 14 0 0 0 0 0 0 0 0
485 14 0 0 0 0 0 7 1 1
490 21 1 1 7 0 0 7 0 0
495 3 0 0 1 0 0 1 0 0
532 2 1 1 0 0 0 0 0 0
533 1 0 0 0 0 0 0 0 0
536 1 0 0 1 0 0 0 0 0
547 5 0 0 0 0 0 0 0 0
552 7 1 1 1 0 0 0 0 0
553 7 1 1 2 0 0 0 0 0
557 1 0 0 0 0 0 1 0 0
558 1 0 0 0 0 0 0 0 0
559 1 0 0 0 0 0 1 0 0
560 3 0 0 1 0 0 1 0 0
561 1 0 0 0 0 0 0 0 0
568 2 0 0 1 0 0 0 0 0
571 1 1 1 0 0 0 0 0 0
574 9 0 0 12 2 0 0 0 0
fn=openaux
61 45 1 1 0 0 0 27 3 3
64 79 0 0 45 0 0 9 0 0
65 9 0 0 9 0 0 0 0 0
66 7 0 0 7 0 0 0 0 0
69 27 0 0 27 0 0 0 0 0
fl=./elf/./elf/dl-environ.c
fn=_dl_next_ld_env_entry
28 3 0 0 0 0 0 0 0 0
29 3 1 1 3 0 0 0 0 0
32 109 0 0 54 0 0 0 0 0
34 159 1 1 53 0 0 0 0 0
35 36 0 0 12 0 0 0 0 0
37 2 0 0 0 0 0 0 0 0
40 4 0 0 0 0 0 2 0 0
49 3 0 0 0 0 0 0 0 0
fl=./elf/./elf/dl-error-skeleton.c
fn=_dl_catch_error
225 9 1 1 0 0 0 5 0 0
227 2 0 0 0 0 0 0 0 0
228 1 0 0 0 0 0 1 0 0
229 2 1 1 2 0 0 1 0 0
230 4 0 0 1 0 0 1 0 0
232 4 0 0 5 0 0 0 0 0
fn=_dl_catch_exception
175 50 12 2 0 0 0 60 3 3
178 10 0 0 0 0 0 0 0 0
180 30 0 0 10 0 0 10 0 0
185 10 0 0 0 0 0 0 0 0
199 10 0 0 10 0 0 0 0 0
200 20 0 0 0 0 0 20 1 1
203 20 0 0 0 0 0 10 0 0
206 40 0 0 0 0 0 0 0 0
208 20 0 0 20 0 0 0 0 0
209 30 5 1 20 0 0 10 0 0
210 20 0 0 0 0 0 30 0 0
219 30 0 0 30 0 0 0 0 0
fn=_dl_receive_error
238 5 1 1 0 0 0 6 0 0
239 3 0 0 1 0 0 0 0 0
240 1 0 0 1 0 0 0 0 0
243 1 0 0 0 0 0 1 0 0
244 1 0 0 0 0 0 1 0 0
246 2 0 0 0 0 0 0 0 0
248 1 0 0 0 0 0 1 0 0
249 1 0 0 0 0 0 1 0 0
250 4 0 0 6 0 0 0 0 0
fl=./elf/./elf/dl-find_object.c
fn=_dl_find_object_init
561 4 1 1 0 0 0 6 0 0
564 2 0 0 1 1 1 0 0 0
566 2 0 0 1 0 0 0 0 0
573 4 1 1 0 0 0 1 1 1
579 2 0 0 0 0 0 0 0 0
580 3 0 0 1 0 0 1 0 0
582 1 0 0 0 0 0 0 0 0
585 1 0 0 0 0 0 0 0 0
590 1 1 1 0 0 0 1 0 0
591 1 0 0 0 0 0 0 0 0
594 2 0 0 1 0 0 0 0 0
596 2 1 1 0 0 0 0 0 0
599 5 0 0 3 0 0 1 0 0
601 1 0 0 0 0 0 0 0 0
604 4 0 0 6 0 0 0 0 0
fn=_dlfo_process_initial
474 4 1 1 0 0 0 4 0 0
475 4 0 0 2 0 0 0 0 0
477 2 0 0 0 0 0 0 0 0
478 6 0 0 2 0 0 0 0 0
481 8 1 1 0 0 0 0 0 0
485 2 0 0 2 0 0 0 0 0
486 6 1 1 2 0 0 0 0 0
487 58 0 0 0 0 0 0 0 0
488 54 0 0 18 2 2 0 0 0
490 8 1 1 2 0 0 0 0 0
493 12 0 0 4 0 0 4 2 2
495 8 0 0 4 0 0 2 0 0
497 8 0 0 2 0 0 2 0 0
499 4 0 0 0 0 0 0 0 0
504 22 1 1 4 1 1 0 0 0
505 18 1 1 2 0 0 0 0 0
506 14 0 0 14 1 1 0 0 0
508 64 0 0 12 1 0 0 0 0
511 48 0 0 12 1 0 0 0 0
513 24 0 0 12 0 0 0 0 0
515 18 0 0 0 0 0 0 0 0
517 24 0 0 0 0 0 0 0 0
521 4 0 0 0 0 0 0 0 0
529 4 0 0 0 0 0 2 0 0
531 6 0 0 4 0 0 0 0 0
fn=_dlfo_sort_mappings
536 1 0 0 0 0 0 0 0 0
537 2 1 1 0 0 0 0 0 0
540 25 0 0 0 0 0 0 0 0
544 14 0 0 7 0 0 0 0 0
545 112 1 1 0 0 0 0 0 0
546 140 0 0 28 0 0 0 0 0
553 21 0 0 14 0 0 14 0 0
554 14 0 0 14 0 0 14 0 0
555 7 0 0 0 0 0 14 0 0
557 2 0 0 0 0 0 0 0 0
fl=./elf/./elf/dl-fini.c
fn=_dl_fini
26 10 2 2 0 0 0 13 0 0
43 1 0 0 0 0 0 0 0 0
46 16 2 2 2 1 1 0 0 0
49 4 0 0 1 1 1 0 0 0
51 1 0 0 1 1 1 0 0 0
54 1 0 0 0 0 0 0 0 0
56 5 1 1 2 0 0 0 0 0
59 1 0 0 0 0 0 0 0 0
61 2 0 0 0 0 0 1 0 0
63 3 0 0 0 0 0 0 0 0
68 5 0 0 0 0 0 0 0 0
73 17 2 2 8 1 1 0 0 0
75 21 0 0 7 4 3 0 0 0
77 14 0 0 0 0 0 0 0 0
79 7 0 0 0 0 0 7 0 0
80 7 0 0 0 0 0 7 5 5
81 7 0 0 0 0 0 0 0 0
85 21 0 0 7 3 3 7 0 0
87 5 0 0 0 0 0 0 0 0
88 8 0 0 0 0 0 0 0 0
94 4 1 1 0 0 0 0 0 0
103 3 0 0 1 0 0 0 0 0
108 24 0 0 0 0 0 0 0 0
110 7 0 0 7 0 0 0 0 0
112 14 1 1 7 0 0 0 0 0
114 14 0 0 0 0 0 0 0 0
117 14 0 0 0 0 0 0 0 0
122 21 0 0 7 0 0 7 0 0
126 3 0 0 0 0 0 0 0 0
132 7 0 0 2 0 0 0 0 0
134 3 0 0 0 0 0 1 0 0
138 2 0 0 1 0 0 0 0 0
145 8 1 1 12 0 0 0 0 0
fl=./elf/./elf/dl-hwcaps-subdirs.c
fn=_dl_hwcaps_subdirs_active
29 2 1 1 0 0 0 0 0 0
fl=./elf/./elf/dl-hwcaps.c
fn=_dl_important_hwcaps
55 8 2 2 0 0 0 0 0 0
103 3 0 0 0 0 0 1 0 0
105 1 0 0 0 0 0 0 0 0
108 1 0 0 0 0 0 1 0 0
111 1 0 0 0 0 0 0 0 0
115 4 1 1 0 0 0 0 0 0
128 4 1 1 0 0 0 0 0 0
136 2 0 0 0 0 0 0 0 0
145 6 0 0 1 0 0 1 0 0
175 10 2 2 0 0 0 16 3 3
176 6 1 1 1 0 0 0 0 0
178 4 0 0 1 0 0 0 0 0
179 4 0 0 1 0 0 1 0 0
187 2 0 0 0 0 0 1 0 0
188 3 0 0 0 0 0 0 0 0
198 2 0 0 0 0 0 1 0 0
199 4 1 1 0 0 0 1 0 0
203 48 1 1 0 0 0 0 0 0
204 9 0 0 0 0 0 0 0 0
205 36 0 0 9 0 0 9 0 0
208 2 0 0 1 0 0 0 0 0
228 6 1 1 0 0 0 1 0 0
230 12 0 0 0 0 0 0 0 0
231 20 0 0 0 0 0 0 0 0
233 1 0 0 0 0 0 1 0 0
234 2 0 0 0 0 0 1 0 0
235 2 0 0 0 0 0 0 0 0
236 1 0 0 0 0 0 0 0 0
238 4 1 1 1 0 0 0 0 0
240 4 0 0 0 0 0 1 0 0
241 2 0 0 1 0 0 1 0 0
245 5 1 1 0 0 0 1 0 0
246 2 0 0 0 0 0 1 0 0
249 3 0 0 1 0 0 0 0 0
253 2 0 0 0 0 0 0 0 0
254 1 0 0 1 0 0 0 0 0
257 2 0 0 1 0 0 0 0 0
258 2 0 0 0 0 0 0 0 0
260 3 1 1 0 0 0 0 0 0
261 5 1 1 0 0 0 0 0 0
262 4 0 0 1 0 0 0 0 0
263 2 0 0 0 0 0 0 0 0
270 4 1 1 1 0 0 0 0 0
274 8 1 1 2 0 0 2 1 1
281 1 0 0 0 0 0 0 0 0
282 1 1 1 0 0 0 0 0 0
290 3 0 0 1 0 0 2 0 0
291 5 0 0 1 0 0 0 0 0
292 6 0 0 2 0 0 0 0 0
295 2 1 1 1 0 0 1 0 0
296 1 0 0 1 0 0 0 0 0
303 2 0 0 0 0 0 0 0 0
314 1 0 0 0 0 0 1 0 0
327 3 0 0 1 0 0 2 1 1
330 2 0 0 0 0 0 0 0 0
337 8 1 1 3 0 0 2 0 0
340 2 0 0 0 0 0 0 0 0
343 21 1 1 5 0 0 4 0 0
346 11 0 0 2 0 0 1 0 0
347 8 0 0 0 0 0 0 0 0
348 7 1 1 3 0 0 1 0 0
351 14 0 0 2 0 0 2 0 0
353 8 1 1 2 0 0 0 0 0
358 25 0 0 1 0 0 0 0 0
359 8 0 0 0 0 0 8 1 1
363 12 0 0 0 0 0 0 0 0
366 51 0 0 3 0 0 0 0 0
367 72 0 0 0 0 0 0 0 0
368 60 0 0 24 0 0 12 0 0
370 6 0 0 0 0 0 0 0 0
373 7 1 1 1 0 0 1 0 0
374 3 1 1 1 0 0 0 0 0
375 9 0 0 1 0 0 0 0 0
377 4 0 0 0 0 0 0 0 0
378 3 0 0 2 0 0 1 0 0
380 2 1 1 1 0 0 1 0 0
381 2 0 0 0 0 0 0 0 0
388 17 0 0 5 0 0 4 0 0
391 8 0 0 0 0 0 0 0 0
394 5 1 1 3 0 0 0 0 0
400 9 0 0 14 0 0 0 0 0
fn=copy_hwcaps
77 12 1 1 0 0 0 12 1 1
80 8 0 0 0 0 0 0 0 0
83 4 0 0 0 0 0 0 0 0
87 2 0 0 0 0 0 0 0 0
93 8 0 0 12 0 0 0 0 0
fl=./elf/./elf/dl-hwcaps_split.c
fn=_dl_hwcaps_split
25 24 0 0 0 0 0 24 2 2
26 12 0 0 6 0 0 0 0 0
27 6 0 0 0 0 0 0 0 0
30 9 0 0 3 0 0 3 0 0
34 9 0 0 3 0 0 0 0 0
36 3 1 1 0 0 0 0 0 0
47 18 1 1 24 0 0 0 0 0
fn=_dl_hwcaps_split_masked
51 20 1 1 0 0 0 15 0 0
54 20 0 0 0 0 0 0 0 0
62 15 0 0 15 0 0 0 0 0
fl=./elf/./elf/dl-init.c
fn=_dl_init
81 10 1 1 0 0 0 10 2 2
83 1 0 0 2 1 0 0 0 0
86 4 1 1 1 0 0 0 0 0
88 1 1 1 0 0 0 0 0 0
89 2 0 0 0 0 0 1 0 0
94 3 0 0 0 0 0 0 0 0
119 1 0 0 1 0 0 0 0 0
120 24 0 0 0 0 0 0 0 0
121 42 0 0 14 5 0 0 0 0
127 6 0 0 10 1 0 0 0 0
fn=call_init
27 32 1 1 0 0 0 32 0 0
29 24 0 0 8 0 0 0 0 0
35 64 1 1 8 1 0 16 0 0
37 8 0 0 0 0 0 0 0 0
43 21 0 0 7 0 0 7 0 0
46 21 1 1 14 8 5 0 0 0
47 2 0 0 0 0 0 0 0 0
51 18 0 0 6 0 0 0 0 0
59 12 0 0 6 6 5 0 0 0
60 28 0 0 8 3 3 0 0 0
63 6 0 0 6 6 4 0 0 0
64 6 0 0 0 0 0 0 0 0
70 18 0 0 12 6 6 0 0 0
72 24 1 1 12 0 0 6 0 0
73 118 1 0 0 0 0 0 0 0
74 110 1 1 22 6 6 0 0 0
76 38 0 0 54 0 0 0 0 0
fl=./elf/./elf/dl-load.c
fn=_dl_dst_count
238 33 1 1 0 0 0 44 2 2
241 22 0 0 0 0 0 0 0 0
244 11 0 0 0 0 0 0 0 0
245 11 5 1 0 0 0 0 0 0
264 44 0 0 44 0 0 0 0 0
fn=_dl_init_paths
706 8 1 1 0 0 0 14 0 0
720 9 1 1 0 0 0 1 0 0
725 1 0 0 0 0 0 1 0 0
727 1 0 0 0 0 0 0 0 0
734 4 0 0 0 0 0 0 0 0
735 4 1 1 1 0 0 0 0 0
739 2 0 0 0 0 0 1 0 0
741 3 0 0 2 0 0 0 0 0
747 1 1 1 0 0 0 1 0 0
748 4 0 0 0 0 0 1 0 0
756 4 0 0 0 0 0 4 0 0
758 2 0 0 0 0 0 0 0 0
759 4 0 0 0 0 0 8 3 3
761 3 0 0 0 0 0 1 0 0
762 8 0 0 3 1 1 7 1 1
763 13 0 0 0 0 0 0 0 0
766 9 1 1 3 1 1 0 0 0
767 5 1 1 1 0 0 0 0 0
768 18 0 0 4 0 0 1 0 0
770 18 0 0 0 0 0 4 0 0
776 3 0 0 0 0 0 1 0 0
777 1 0 0 0 0 0 1 0 0
782 2 0 0 1 0 0 0 0 0
785 4 0 0 0 0 0 0 0 0
787 4 1 1 1 0 0 0 0 0
789 2 0 0 1 0 0 0 0 0
806 2 0 0 0 0 0 1 0 0
808 2 1 1 1 0 0 0 0 0
822 2 1 1 0 0 0 1 0 0
825 4 1 1 2 0 0 0 0 0
827 11 2 2 1 0 0 0 0 0
831 1 0 0 0 0 0 0 0 0
832 31 0 0 15 0 0 0 0 0
833 28 0 0 0 0 0 0 0 0
834 28 0 0 0 0 0 0 0 0
836 3 1 1 0 0 0 1 0 0
837 2 0 0 0 0 0 0 0 0
838 1 0 0 0 0 0 0 0 0
844 7 0 0 1 0 0 0 0 0
847 3 0 0 2 0 0 0 0 0
853 3 0 0 0 0 0 1 0 0
857 8 0 0 12 0 0 0 0 0
fn=_dl_map_object
1971 80 5 1 0 0 0 120 5 5
1973 5 0 0 0 0 0 5 0 0
1979 20 0 0 0 0 0 0 0 0
1980 70 5 1 10 3 1 0 0 0
1983 148 0 0 44 0 0 0 0 0
1988 195 5 1 39 2 0 0 0 0
1990 156 0 0 0 0 0 0 0 0
1994 68 0 0 34 0 0 0 0 0
1995 68 0 0 34 6 0 0 0 0
1998 68 0 0 34 8 0 0 0 0
1999 51 1 1 17 4 0 0 0 0
2000 68 0 0 0 0 0 0 0 0
2013 5 1 1 0 0 0 0 0 0
2014 35 0 0 5 0 0 5 0 0
2015 10 0 0 0 0 0 5 1 1
2023 15 1 1 5 0 0 0 0 0
2038 5 0 0 0 0 0 5 2 2
2040 20 0 0 0 0 0 0 0 0
2044 16 1 1 0 0 0 4 0 0
2046 8 0 0 4 0 0 0 0 0
2053 12 1 1 4 1 0 0 0 0
2057 4 1 1 4 0 0 0 0 0
2058 44 1 1 0 0 0 16 0 0
2062 12 0 0 6 0 0 0 0 0
2063 52 1 1 0 0 0 0 0 0
2065 24 0 0 0 0 0 12 0 0
2077 32 1 1 20 0 0 0 0 0
2078 20 2 1 4 0 0 0 0 0
2079 44 4 1 8 0 0 8 0 0
2088 4 0 0 0 0 0 0 0 0
2103 24 0 0 4 2 0 4 0 0
2104 68 1 1 8 0 0 8 0 0
2110 20 0 0 8 0 0 0 0 0
2111 36 1 1 0 0 0 0 0 0
2119 4 1 1 0 0 0 4 2 1
2133 4 0 0 0 0 0 0 0 0
2135 12 0 0 4 3 0 0 0 0
2139 12 0 0 0 0 0 0 0 0
2141 4 0 0 0 0 0 0 0 0
2145 4 0 0 0 0 0 0 0 0
2153 12 0 0 4 1 0 0 0 0
2176 36 1 1 0 0 0 4 0 0
2180 8 0 0 0 0 0 0 0 0
2181 4 0 0 0 0 0 4 0 0
2198 12 0 0 8 0 0 0 0 0
2204 1 0 0 0 0 0 1 0 0
2205 4 0 0 0 0 0 0 0 0
2206 1 0 0 0 0 0 0 0 0
2207 2 1 1 0 0 0 0 0 0
2211 9 0 0 0 0 0 1 0 0
2214 2 0 0 0 0 0 0 0 0
2225 1 0 0 1 0 0 0 0 0
2226 18 1 1 4 0 0 0 0 0
2271 15 0 0 5 0 0 5 0 0
2272 60 1 1 10 0 0 10 0 0
2274 90 0 0 120 0 0 0 0 0
fn=_dl_map_object_from_fd
944 85 2 2 5 0 0 70 3 3
954 15 0 0 0 0 0 5 0 0
961 15 0 0 0 0 0 5 0 0
999 70 1 1 25 3 0 0 0 0
1000 40 0 0 20 0 0 0 0 0
1018 5 4 1 0 0 0 0 0 0
1046 15 1 1 0 0 0 5 0 0
1056 15 0 0 5 0 0 0 0 0
1063 40 0 0 5 0 0 0 0 0
1064 5 0 0 0 0 0 0 0 0
1075 10 2 1 0 0 0 5 3 3
1076 10 0 0 5 0 0 5 0 0
1077 10 0 0 5 0 0 5 0 0
1079 10 0 0 0 0 0 0 0 0
1080 25 0 0 15 0 0 0 0 0
1081 5 0 0 0 0 0 0 0 0
1096 5 0 0 0 0 0 0 0 0
1098 10 1 1 0 0 0 5 0 0
1100 35 0 0 5 0 0 0 0 0
1101 5 0 0 0 0 0 0 0 0
1102 5 0 0 0 0 0 0 0 0
1103 5 0 0 0 0 0 0 0 0
1104 5 0 0 0 0 0 0 0 0
1110 137 0 0 0 0 0 0 0 0
1111 334 6 2 39 10 8 0 0 0
1117 10 2 1 5 1 1 0 0 0
1124 12 1 1 7 0 0 5 0 0
1125 15 0 0 5 0 0 5 0 0
1126 35 0 0 10 0 0 5 0 0
1131 2 0 0 1 0 0 1 0 0
1137 55 6 2 25 1 1 0 0 0
1145 20 0 0 0 0 0 0 0 0
1146 25 0 0 0 0 0 10 3 3
1147 30 0 0 0 0 0 0 0 0
1148 10 5 1 0 0 0 20 0 0
1149 50 0 0 20 4 2 10 5 3
1151 70 0 0 10 0 0 0 0 0
1153 40 0 0 0 0 0 10 0 0
1166 25 0 0 5 0 0 0 0 0
1167 10 0 0 0 0 0 0 0 0
1172 30 1 1 0 0 0 10 1 1
1173 60 0 0 10 0 0 5 1 1
1183 10 0 0 0 0 0 0 0 0
1186 4 0 0 2 0 0 0 0 0
1190 2 0 0 0 0 0 2 2 2
1191 4 0 0 2 1 0 2 0 0
1195 10 0 0 0 0 0 2 0 0
1196 4 0 0 2 0 0 2 0 0
1199 2 0 0 0 0 0 2 1 1
1204 8 0 0 2 0 0 0 0 0
1219 5 0 0 5 0 0 0 0 0
1220 5 0 0 0 0 0 0 0 0
1223 10 0 0 5 1 1 5 2 2
1224 10 5 1 5 1 1 5 0 0
1228 15 0 0 5 0 0 0 0 0
1238 35 0 0 0 0 0 0 0 0
1239 20 0 0 0 0 0 10 0 0
1245 15 0 0 5 0 0 0 0 0
1255 15 5 1 5 0 0 0 0 0
1262 30 0 0 10 0 0 0 0 0
1278 20 1 1 10 0 0 0 0 0
1279 15 1 1 5 0 0 5 0 0
1285 8 1 1 4 0 0 0 0 0
1286 20 5 1 0 0 0 0 0 0
1288 20 0 0 5 0 0 0 0 0
1298 10 0 0 5 0 0 0 0 0
1317 15 0 0 5 0 0 5 0 0
1319 25 1 1 5 0 0 0 0 0
1371 10 0 0 5 3 3 0 0 0
1372 6 0 0 2 0 0 2 0 0
1378 108 1 1 10 0 0 0 0 0
1379 132 0 0 39 33 33 0 0 0
1390 15 1 1 0 0 0 0 0 0
1403 15 0 0 5 0 0 0 0 0
1405 20 0 0 10 0 0 5 0 0
1407 10 0 0 5 0 0 0 0 0
1423 10 0 0 0 0 0 0 0 0
1427 5 0 0 0 0 0 0 0 0
1428 10 0 0 5 0 0 0 0 0
1445 10 1 1 5 0 0 0 0 0
1446 2 0 0 0 0 0 1 0 0
1449 15 0 0 10 0 0 10 0 0
1454 10 0 0 5 0 0 0 0 0
1464 15 0 0 5 1 0 0 0 0
1471 35 1 1 5 2 1 0 0 0
1472 6 1 1 3 0 0 0 0 0
1473 18 0 0 4 0 0 0 0 0
1474 4 0 0 2 0 0 0 0 0
1475 6 0 0 0 0 0 1 0 0
1481 10 0 0 5 0 0 0 0 0
1482 8 0 0 2 0 0 0 0 0
1487 4 0 0 0 0 0 0 0 0
1494 15 0 0 0 0 0 0 0 0
1497 15 0 0 10 0 0 0 0 0
1516 10 1 1 0 0 0 0 0 0
1520 35 1 1 15 0 0 0 0 0
1521 20 0 0 0 0 0 0 0 0
1525 45 2 2 60 0 0 0 0 0
fn=cache_rpath
681 14 0 0 0 0 0 0 0 0
682 42 3 1 14 0 0 0 0 0
683 14 0 0 0 0 0 0 0 0
685 2 0 0 0 0 0 0 0 0
686 2 0 0 0 0 0 0 0 0
688 6 1 1 2 0 0 0 0 0
691 4 0 0 0 0 0 2 0 0
699 14 0 0 0 0 0 0 0 0
fn=expand_dynamic_string_token
385 12 1 1 0 0 0 12 0 0
395 4 0 0 0 0 0 0 0 0
398 2 1 1 0 0 0 0 0 0
399 4 0 0 0 0 0 0 0 0
410 6 0 0 12 0 0 0 0 0
fn=fillin_rpath.isra.0
468 11 2 2 0 0 0 17 0 0
472 1 0 0 0 0 0 0 0 0
474 10 0 0 2 0 0 0 0 0
481 2 0 0 1 0 0 0 0 0
483 4 0 0 1 0 0 0 0 0
487 1 0 0 0 0 0 0 0 0
492 2 0 0 0 0 0 0 0 0
493 1 1 1 0 0 0 0 0 0
500 6 1 1 1 0 0 0 0 0
505 7 1 1 0 0 0 1 0 0
509 13 0 0 5 0 0 0 0 0
510 12 1 1 4 0 0 0 0 0
528 3 1 1 1 0 0 1 0 0
532 7 1 1 2 0 0 0 0 0
534 1 0 0 0 0 0 0 0 0
538 1 0 0 0 0 0 1 1 1
539 3 1 1 1 0 0 0 0 0
540 4 0 0 0 0 0 1 0 0
541 1 0 0 0 0 0 1 0 0
543 4 0 0 1 0 0 0 0 0
549 4 0 0 1 0 0 0 0 0
550 29 1 1 1 0 0 0 0 0
551 8 0 0 0 0 0 8 0 0
553 2 0 0 2 0 0 1 0 0
554 1 0 0 0 0 0 0 0 0
555 1 0 0 0 0 0 1 0 0
561 2 0 0 1 0 0 1 0 0
562 1 0 0 0 0 0 1 0 0
565 3 0 0 0 0 0 1 0 0
571 1 0 0 0 0 0 1 0 0
574 7 0 0 12 0 0 0 0 0
fn=open_path
1819 40 1 1 0 0 0 60 4 3
1820 8 1 1 4 0 0 4 1 1
1823 4 0 0 0 0 0 8 0 0
1824 4 0 0 0 0 0 0 0 0
1826 4 0 0 0 0 0 0 0 0
1829 8 0 0 0 0 0 0 0 0
1831 60 1 1 8 2 0 12 0 0
1834 12 1 1 12 3 0 0 0 0
1838 4 0 0 0 0 0 0 0 0
1843 8 0 0 0 0 0 0 0 0
1850 20 0 0 12 3 0 0 0 0
1851 164 1 1 36 0 0 0 0 0
1854 96 0 0 32 0 0 0 0 0
1859 143 1 1 55 1 0 0 0 0
1862 11 0 0 0 0 0 0 0 0
1868 22 0 0 11 0 0 0 0 0
1871 88 0 0 44 0 0 0 0 0
1873 22 0 0 11 0 0 0 0 0
1875 16 1 1 0 0 0 0 0 0
1876 4 0 0 0 0 0 0 0 0
1880 16 1 1 8 0 0 0 0 0
1881 68 1 1 32 0 0 4 0 0
1887 24 0 0 0 0 0 8 0 0
1889 39 1 1 0 0 0 7 0 0
1890 2 0 0 1 0 0 0 0 0
1892 13 0 0 0 0 0 1 0 0
1899 9 1 1 0 0 0 0 0 0
1901 14 0 0 0 0 0 4 0 0
1940 24 2 2 4 0 0 0 0 0
1945 12 0 0 4 0 0 4 0 0
1947 16 0 0 8 0 0 4 0 0
1950 12 0 0 4 0 0 0 0 0
1964 36 0 0 48 0 0 0 0 0
fn=open_verify.constprop.0
1578 160 3 1 0 0 0 160 3 2
1610 48 0 0 16 0 0 0 0 0
1615 22 2 2 0 0 0 0 0 0
1629 64 5 1 0 0 0 0 0 0
1631 32 0 0 0 0 0 0 0 0
1639 15 0 0 0 0 0 5 0 0
1640 10 0 0 0 0 0 5 0 0
1645 30 0 0 0 0 0 0 0 0
1647 10 1 1 0 0 0 0 0 0
1649 15 0 0 5 0 0 5 0 0
1651 10 0 0 0 0 0 0 0 0
1657 10 0 0 0 0 0 0 0 0
1674 92 2 2 25 1 1 0 0 0
1755 15 1 1 5 0 0 0 0 0
1760 15 0 0 5 0 0 0 0 0
1766 25 0 0 5 0 0 0 0 0
1772 15 0 0 5 2 1 0 0 0
1778 10 0 0 5 0 0 0 0 0
1779 20 1 1 5 0 0 0 0 0
1805 128 0 0 160 0 0 0 0 0
fl=./elf/./elf/dl-lookup-direct.c
fn=_dl_lookup_direct
74 33 1 1 0 0 0 30 0 0
75 3 0 0 3 0 0 0 0 0
76 3 0 0 0 0 0 0 0 0
78 15 1 1 9 2 2 0 0 0
79 3 0 0 0 0 0 0 0 0
81 6 1 1 3 0 0 0 0 0
84 20 0 0 5 2 2 0 0 0
86 5 0 0 0 0 0 0 0 0
87 28 0 0 0 0 0 0 0 0
90 3 0 0 0 0 0 0 0 0
93 4 0 0 0 0 0 0 0 0
115 3 0 0 0 0 0 0 0 0
116 18 1 1 30 0 0 0 0 0
fn=check_match
31 30 2 2 0 0 0 21 0 0
32 9 0 0 6 0 0 0 0 0
33 6 0 0 0 0 0 0 0 0
36 12 0 0 6 3 3 0 0 0
40 6 0 0 0 0 0 0 0 0
48 9 1 1 0 0 0 0 0 0
51 9 0 0 6 0 0 0 0 0
53 12 0 0 3 0 0 0 0 0
57 6 0 0 6 2 2 0 0 0
58 24 1 1 6 0 0 0 0 0
59 9 0 0 3 0 0 0 0 0
64 18 0 0 21 0 0 0 0 0
fl=./elf/./elf/dl-lookup.c
fn=_dl_lookup_symbol_x
756 27705 2 2 0 0 0 22164 12 6
758 3694 0 0 0 0 0 1847 8 3
759 1847 0 0 0 0 0 3694 0 0
762 12929 1 1 3694 17 2 5541 8 2
766 3683 0 0 0 0 0 0 0 0
768 11082 1 1 3694 0 0 3694 0 0
769 1847 0 0 0 0 0 0 0 0
771 3694 0 0 3694 14 6 0 0 0
775 1892 0 0 15 0 0 0 0 0
776 22164 1 1 3694 0 0 7388 5 4
781 3694 0 0 1847 0 0 0 0 0
783 75 1 1 15 0 0 0 0 0
800 1847 0 0 0 0 0 1847 0 0
801 45 1 1 0 0 0 0 0 0
804 3694 0 0 1847 1 0 0 0 0
805 10976 0 0 1828 0 0 0 0 0
812 1832 0 0 1832 0 0 0 0 0
840 7328 1 1 1832 0 0 0 0 0
854 3664 0 0 1832 20 5 0 0 0
855 3 1 1 0 0 0 1 0 0
857 3664 0 0 1832 0 0 0 0 0
874 3664 0 0 1832 0 0 0 0 0
876 16623 2 2 22164 0 0 0 0 0
fn=check_match
71 21996 3 3 3666 4 4 12831 17 8
74 10998 0 0 3666 287 228 0 0 0
79 1835 0 0 0 0 0 0 0 0
87 9165 0 0 0 0 0 0 0 0
90 3956 1 1 58 0 0 0 0 0
94 1833 0 0 1833 10 2 0 0 0
95 1833 0 0 0 0 0 0 0 0
97 1829 0 0 0 0 0 0 0 0
116 1829 0 0 1829 37 26 0 0 0
117 16461 1 1 5487 31 6 0 0 0
118 7312 1 1 3656 8 1 0 0 0
119 3 0 0 1 0 0 0 0 0
120 1 0 0 0 0 0 0 0 0
145 4 0 0 0 0 0 0 0 0
147 16 0 0 4 3 1 0 0 0
148 12 2 2 0 0 0 0 0 0
151 1 0 0 0 0 0 0 0 0
152 6 0 0 3 0 0 1 0 0
154 2 0 0 1 0 0 1 0 0
163 9165 0 0 12831 0 0 0 0 0
fn=do_lookup_x
171 227 0 0 0 0 0 0 0 0
172 233 0 0 4 0 0 0 0 0
173 720 0 0 250 58 58 0 0 0
175 98 0 0 0 0 0 0 0 0
176 294 0 0 0 0 0 0 0 0
177 14936 2 2 10986 0 0 0 0 0
180 152 0 0 0 0 0 152 0 0
182 152 0 0 0 0 0 304 0 0
183 152 0 0 0 0 0 152 0 0
223 410 1 1 82 0 0 164 0 0
225 1148 0 0 82 6 2 246 0 0
227 82 1 1 0 0 0 0 0 0
228 82 0 0 164 2 2 0 0 0
229 328 0 0 246 0 0 0 0 0
231 1065 2 2 0 0 0 0 0 0
232 729 0 0 0 0 0 486 0 0
235 528 1 1 176 106 56 0 0 0
236 176 0 0 176 0 0 0 0 0
255 176 0 0 0 0 0 0 0 0
258 95 0 0 0 0 0 0 0 0
259 285 0 0 0 0 0 0 0 0
260 92 1 1 0 0 0 0 0 0
263 1539 1 1 648 0 0 0 0 0
270 14 2 2 0 0 0 8 0 0
273 2 0 0 0 0 0 0 0 0
280 288 1 1 10 0 0 0 0 0
281 184 1 1 92 23 7 0 0 0
282 140 0 0 210 0 0 0 0 0
286 24 1 1 4 0 0 10 0 0
287 2 0 0 0 0 0 4 0 0
290 10 0 0 8 0 0 2 0 0
301 1 0 0 0 0 0 0 0 0
303 1 0 0 0 0 0 0 0 0
307 5 0 0 3 0 0 2 0 0
308 200 6 4 169 0 0 1 0 0
311 82 0 0 0 0 0 0 0 0
312 164 1 1 82 0 0 0 0 0
319 328 1 1 82 0 0 0 0 0
330 738 1 1 164 0 0 82 0 0
332 410 0 0 164 0 0 82 0 0
334 164 0 0 164 0 0 0 0 0
335 82 0 0 0 0 0 164 0 0
348 31399 2 2 5541 0 0 31399 22 11
349 1847 0 0 1847 7 1 0 0 0
355 1847 0 0 1847 0 0 0 0 0
359 11506 2 2 11506 56 12 0 0 0
362 11506 0 0 0 0 0 0 0 0
366 7600 0 0 0 0 0 0 0 0
370 11506 0 0 5753 45 9 0 0 0
374 22588 1 1 5753 6 2 1847 0 0
380 11506 0 0 5753 41 8 0 0 0
384 5753 0 0 0 0 0 5753 0 0
385 5753 0 0 0 0 0 5753 0 0
388 23012 0 0 11506 121 20 0 0 0
389 17259 0 0 11506 5 1 0 0 0
392 5753 2 2 5753 0 0 0 0 0
393 5753 0 0 0 0 0 0 0 0
395 5753 0 0 5753 1308 167 0 0 0
396 1847 0 0 0 0 0 0 0 0
397 11506 0 0 5753 0 0 0 0 0
399 1847 0 0 0 0 0 0 0 0
400 11506 0 0 5753 0 0 0 0 0
403 23012 0 0 0 0 0 0 0 0
406 5580 0 0 3720 1428 214 0 0 0
407 1860 2 2 0 0 0 0 0 0
408 1860 0 0 0 0 0 0 0 0
410 20449 1 1 1859 0 0 11154 0 0
413 18368 0 0 4592 1831 523 0 0 0
415 3666 1 1 1833 0 0 0 0 0
416 22048 0 0 7332 0 0 5499 6 4
417 3666 0 0 0 0 0 0 0 0
420 1833 0 0 0 0 0 0 0 0
423 5526 0 0 2 0 0 0 0 0
454 85 3 2 29 0 0 0 0 0
456 1 0 0 0 0 0 0 0 0
460 3664 0 0 0 0 0 0 0 0
467 9624 0 0 1832 0 0 0 0 0
471 3651 2 2 1217 9 1 0 0 0
483 1750 0 0 1750 0 0 0 0 0
484 1750 0 0 0 0 0 3500 0 0
485 1914 0 0 0 0 0 0 0 0
502 11763 0 0 0 0 0 0 0 0
505 15 0 0 0 0 0 0 0 0
506 14776 1 1 22164 0 0 0 0 0
fl=./elf/./elf/dl-minimal-malloc.c
fn=__minimal_calloc
78 17 2 1 0 0 0 0 0 0
82 17 0 0 0 0 0 0 0 0
85 17 0 0 0 0 0 0 0 0
86 68 0 0 0 0 0 0 0 0
fn=__minimal_free
95 9 2 2 0 0 0 12 0 0
97 15 0 0 3 0 0 0 0 0
104 9 0 0 12 0 0 0 0 0
fn=__minimal_malloc
35 168 1 1 0 0 0 168 4 4
36 167 0 0 42 5 2 0 0 0
41 4 0 0 0 0 0 1 0 0
42 4 2 2 1 0 0 0 0 0
43 2 0 0 0 0 0 0 0 0
47 167 1 1 41 0 0 42 0 0
48 42 0 0 0 0 0 0 0 0
50 252 0 0 0 0 0 0 0 0
55 15 0 0 3 0 0 0 0 0
56 9 2 1 0 0 0 0 0 0
58 3 0 0 0 0 0 0 0 0
59 27 0 0 0 0 0 3 0 0
61 6 0 0 0 0 0 0 0 0
63 12 0 0 3 0 0 0 0 0
65 9 0 0 3 0 0 3 0 0
68 84 4 0 0 0 0 84 5 3
69 3 0 0 0 0 0 0 0 0
71 126 0 0 168 0 0 0 0 0
fl=./elf/./elf/dl-minimal.c
fn=__rtld_malloc_init_real
76 5 1 1 0 0 0 6 0 0
86 3 0 0 0 0 0 1 0 0
87 1 0 0 0 0 0 1 0 0
89 1 0 0 0 0 0 1 0 0
91 7 1 1 0 0 0 0 0 0
92 6 0 0 0 0 0 0 0 0
93 6 1 1 0 0 0 0 0 0
94 5 0 0 0 0 0 0 0 0
99 3 0 0 0 0 0 1 1 0
101 1 0 0 0 0 0 2 1 0
102 1 0 0 0 0 0 1 0 0
103 4 1 1 6 0 0 0 0 0
fn=__rtld_malloc_init_stubs
43 5 1 1 0 0 0 1 1 1
44 2 0 0 0 0 0 0 0 0
45 3 0 0 0 0 0 2 1 1
46 3 1 1 0 0 0 1 0 0
47 1 0 0 0 0 0 0 0 0
fn=lookup_malloc_symbol
61 20 2 2 0 0 0 24 0 0
63 4 0 0 0 0 0 4 0 0
64 36 0 0 4 0 0 0 0 0
68 20 0 0 8 0 0 0 0 0
69 44 1 1 12 0 0 0 0 0
71 4 0 0 0 0 0 4 0 0
72 20 0 0 28 0 0 0 0 0
fn=strsep
242 4 1 1 2 1 1 0 0 0
244 4 0 0 2 0 0 0 0 0
245 2 0 0 0 0 0 0 0 0
249 75 1 1 15 0 0 0 0 0
254 56 0 0 0 0 0 0 0 0
256 56 0 0 28 0 0 0 0 0
267 1 0 0 0 0 0 1 0 0
270 1 0 0 0 0 0 0 0 0
271 1 0 0 0 0 0 0 0 0
fl=./elf/./elf/dl-misc.c
fn=_dl_higher_prime_number
125 6 1 1 0 0 0 0 0 0
127 26 0 0 0 0 0 0 0 0
129 47 0 0 0 0 0 0 0 0
130 30 0 0 10 2 2 0 0 0
131 6 1 1 0 0 0 0 0 0
146 4 0 0 2 0 0 0 0 0
fn=_dl_name_match_p
68 415 4 1 0 0 0 332 2 1
69 249 0 0 83 2 0 0 0 0
70 14 0 0 0 0 0 0 0 0
72 83 0 0 83 0 0 0 0 0
74 164 0 0 0 0 0 0 0 0
75 380 1 1 95 2 0 0 0 0
80 162 0 0 81 0 0 0 0 0
82 69 0 0 0 0 0 0 0 0
83 249 0 0 332 0 0 0 0 0
fn=_dl_sysdep_read_whole_file
36 6 1 1 0 0 0 5 0 0
39 2 1 1 0 0 0 0 0 0
40 1 0 0 0 0 0 0 0 0
42 4 0 0 0 0 0 0 0 0
44 2 1 1 1 0 0 1 0 0
47 1 0 0 0 0 0 0 0 0
49 8 0 0 0 0 0 0 0 0
60 2 0 0 0 0 0 0 0 0
63 5 0 0 5 0 0 0 0 0
fl=./elf/./elf/dl-object.c
fn=_dl_add_to_namespace_list
31 36 2 2 0 0 0 30 1 0
33 30 0 0 6 1 0 0 0 0
35 53 0 0 6 0 0 0 0 0
38 60 0 0 20 2 0 0 0 0
40 5 0 0 0 0 0 5 0 0
42 5 0 0 0 0 0 5 0 0
45 2 0 0 0 0 0 1 0 0
46 42 1 1 6 0 0 6 0 0
47 12 0 0 6 4 0 6 0 0
48 12 0 0 0 0 0 6 0 0
50 30 0 0 6 0 0 0 0 0
51 18 0 0 30 0 0 0 0 0
fn=_dl_new_object
59 78 3 2 0 0 0 72 4 4
62 18 0 0 0 0 0 0 0 0
64 1 1 1 0 0 0 0 0 0
66 1 1 1 0 0 0 0 0 0
67 1 0 0 0 0 0 0 0 0
71 6 0 0 0 0 0 0 0 0
77 2 0 0 0 0 0 0 0 0
80 10 0 0 5 0 0 0 0 0
83 20 0 0 0 0 0 0 0 0
87 5 0 0 0 0 0 0 0 0
92 10 0 0 0 0 0 0 0 0
95 6 0 0 0 0 0 0 0 0
98 6 0 0 0 0 0 6 6 6
99 6 0 0 0 0 0 6 6 6
100 12 0 0 0 0 0 0 0 0
102 12 0 0 0 0 0 12 0 0
103 6 1 1 0 0 0 0 0 0
104 30 0 0 6 0 0 6 2 2
106 18 0 0 6 0 0 6 0 0
119 17 0 0 6 0 0 0 0 0
123 5 0 0 0 0 0 0 0 0
125 1 0 0 0 0 0 0 0 0
127 18 0 0 6 6 6 6 0 0
130 24 1 1 6 0 0 6 0 0
131 18 1 1 0 0 0 6 6 6
132 6 0 0 0 0 0 6 2 2
136 6 0 0 0 0 0 6 0 0
139 75 1 1 0 0 0 0 0 0
141 16 0 0 0 0 0 16 4 4
149 12 0 0 0 0 0 6 0 0
150 12 0 0 0 0 0 6 6 6
153 1 0 0 0 0 0 0 0 0
155 36 0 0 6 0 0 0 0 0
157 15 0 0 0 0 0 5 3 3
160 8 0 0 0 0 0 0 0 0
164 21 0 0 7 0 0 0 0 0
168 25 1 1 5 0 0 0 0 0
176 1 1 1 0 0 0 1 1 1
179 12 0 0 0 0 0 6 2 2
189 12 0 0 6 0 0 0 0 0
191 20 1 1 0 0 0 0 0 0
195 10 0 0 0 0 0 0 0 0
200 5 0 0 0 0 0 0 0 0
245 20 1 1 0 0 0 0 0 0
250 84 0 0 0 0 0 0 0 0
251 252 0 0 84 0 0 0 0 0
253 10 0 0 0 0 0 0 0 0
256 5 0 0 0 0 0 5 0 0
259 10 0 0 0 0 0 5 0 0
263 48 1 1 72 0 0 0 0 0
fl=./elf/./elf/dl-profstub.c
fn=_dl_mcount_wrapper_check
36 128 0 0 0 0 0 0 0 0
37 512 1 1 256 2 0 0 0 0
38 128 0 0 0 0 0 0 0 0
fl=./elf/./elf/dl-reloc.c
fn=_dl_protect_relro
355 28 1 1 0 0 0 21 0 0
356 49 0 0 21 4 2 0 0 0
359 21 0 0 7 0 0 0 0 0
363 14 0 0 0 0 0 0 0 0
364 28 1 1 0 0 0 0 0 0
370 21 0 0 21 0 0 0 0 0
fn=_dl_relocate_object
170 10104 2 2 3368 1716 1362 0 0 0
171 6708 0 0 0 0 0 0 0 0
174 22026 0 0 3354 7 3 0 0 0
175 11526 1 1 2240 18 0 0 0 0
177 8010 0 0 1602 0 0 1602 0 0
178 4806 0 0 1602 0 0 1602 0 0
182 1660 3 3 1288 6 3 13 0 0
183 1752 0 0 0 0 0 1752 3 1
184 1752 0 0 0 0 0 1752 0 0
186 12254 1 1 5256 5 0 0 0 0
187 1748 0 0 0 0 0 0 0 0
188 6980 1 1 1746 81 13 0 0 0
190 12294 2 2 1752 1 1 0 0 0
193 3504 0 0 1752 0 0 1752 0 0
194 1752 0 0 0 0 0 1752 0 0
196 1602 0 0 1602 0 0 0 0 0
207 77 1 1 0 0 0 91 0 0
217 7 0 0 0 0 0 0 0 0
218 21 0 0 0 0 0 14 0 0
221 7 0 0 0 0 0 0 0 0
223 7 1 1 0 0 0 0 0 0
225 21 0 0 7 0 0 0 0 0
226 14 0 0 7 3 1 0 0 0
245 14 1 1 7 0 0 0 0 0
251 7 1 1 0 0 0 0 0 0
252 14 1 1 7 7 3 0 0 0
255 21 0 0 7 0 0 0 0 0
262 14 0 0 7 4 2 0 0 0
301 377 5 5 104 37 15 75 0 0
304 42 1 1 7 0 0 0 0 0
328 21 1 1 7 0 0 7 0 0
331 7 0 0 0 0 0 0 0 0
348 14 0 0 7 4 2 0 0 0
349 14 2 2 0 0 0 0 0 0
350 56 0 0 84 5 1 0 0 0
fl=./elf/./elf/dl-runtime.c
fn=_dl_fixup
46 546 3 2 0 0 0 546 3 3
48 364 2 1 273 11 6 0 0 0
49 273 0 0 182 0 0 0 0 0
54 91 0 0 91 10 5 0 0 0
55 364 0 0 91 13 7 0 0 0
56 637 0 0 91 10 2 273 1 1
58 182 1 1 91 90 19 0 0 0
63 182 0 0 0 0 0 0 0 0
67 273 0 0 91 91 76 0 0 0
69 180 0 0 0 0 0 0 0 0
71 182 0 0 91 13 6 0 0 0
75 270 0 0 180 104 44 0 0 0
76 360 1 1 90 4 3 0 0 0
77 90 0 0 90 22 8 0 0 0
84 91 0 0 0 0 0 0 0 0
85 364 0 0 91 5 2 0 0 0
95 819 1 1 182 16 6 0 0 0
99 182 0 0 91 0 0 0 0 0
109 1092 1 1 364 1 1 91 2 0
124 364 0 0 91 0 0 0 0 0
125 2 0 0 0 0 0 1 0 0
133 182 0 0 91 0 0 0 0 0
159 273 0 0 91 2 1 0 0 0
162 182 2 2 91 0 0 0 0 0
163 455 0 0 728 0 0 0 0 0
fl=./elf/./elf/dl-setup_hash.c
fn=_dl_setup_hash
28 14 1 1 7 0 0 0 0 0
31 14 2 1 7 0 0 0 0 0
32 14 0 0 7 7 7 7 1 1
34 7 0 0 14 1 1 0 0 0
36 21 0 0 0 0 0 0 0 0
37 7 0 0 0 0 0 7 0 0
38 21 0 0 7 0 0 7 0 0
40 7 1 1 0 0 0 7 0 0
41 14 0 0 0 0 0 0 0 0
43 7 0 0 0 0 0 7 0 0
44 7 0 0 0 0 0 0 0 0
45 21 0 0 0 0 0 7 0 0
50 7 0 0 0 0 0 0 0 0
fl=./elf/./elf/dl-sort-maps.c
fn=_dl_sort_maps
145 80 2 2 14 0 0 0 0 0
186 2 0 0 0 0 0 0 0 0
187 2 2 2 2 0 0 0 0 0
188 36 0 0 0 0 0 0 0 0
189 56 2 2 28 0 0 14 0 0
216 10 0 0 0 0 0 0 0 0
221 6 0 0 0 0 0 2 0 0
223 2 0 0 0 0 0 2 0 0
224 8 0 0 0 0 0 0 0 0
226 26 0 0 0 0 0 0 0 0
228 14 0 0 14 0 0 0 0 0
231 42 0 0 14 0 0 0 0 0
249 4 2 2 2 0 0 0 0 0
262 2 2 2 0 0 0 0 0 0
269 8 2 2 0 0 0 0 0 0
282 8 0 0 2 0 0 0 0 0
304 22 4 3 0 0 0 24 0 0
312 6 0 0 2 2 1 0 0 0
316 18 0 0 24 0 0 0 0 0
fn=_dl_sort_maps_init
295 2 1 1 0 0 0 2 0 0
296 5 0 0 1 0 0 0 0 0
297 2 0 0 0 0 0 1 0 0
298 2 0 0 0 0 0 0 0 0
299 2 1 1 2 0 0 0 0 0
fn=dfs_traversal.part.0
140 98 2 2 0 0 0 84 0 0
145 104 0 0 31 0 0 0 0 0
148 42 0 0 14 0 0 14 0 0
150 28 0 0 14 3 2 0 0 0
152 148 0 0 53 7 6 11 0 0
161 28 3 3 7 0 0 0 0 0
176 42 0 0 14 0 0 14 0 0
177 14 0 0 0 0 0 14 0 0
178 66 1 1 86 0 0 0 0 0
fl=./elf/./elf/dl-tls.c
fn=_dl_add_to_slotinfo
1105 14 1 1 0 0 0 16 1 0
1111 2 0 0 2 0 0 0 0 0
1114 6 0 0 2 2 1 0 0 0
1115 2 0 0 0 0 0 0 0 0
1119 6 1 1 2 2 1 0 0 0
1155 2 0 0 0 0 0 0 0 0
1158 8 0 0 0 0 0 2 0 0
1159 8 1 1 2 0 0 2 0 0
1162 10 0 0 16 0 0 0 0 0
fn=_dl_allocate_tls_init
564 6 1 1 0 0 0 5 0 0
565 1 0 0 0 0 0 0 0 0
569 1 0 0 1 1 1 0 0 0
571 1 0 0 0 0 0 1 0 0
572 1 0 0 0 0 0 0 0 0
575 9 1 1 1 1 0 8 0 0
578 6 0 0 2 1 1 0 0 0
590 3 0 0 1 0 0 0 0 0
595 20 1 1 2 1 0 0 0 0
601 6 1 1 0 0 0 0 0 0
604 2 0 0 2 0 0 0 0 0
605 2 0 0 0 0 0 0 0 0
611 8 0 0 4 0 0 0 0 0
612 4 1 1 0 0 0 0 0 0
614 12 0 0 4 2 2 2 1 1
617 4 0 0 0 0 0 0 0 0
618 4 0 0 2 0 0 0 0 0
621 4 0 0 0 0 0 0 0 0
622 8 0 0 4 0 0 0 0 0
627 2 0 0 0 0 0 0 0 0
634 2 0 0 0 0 0 2 0 0
642 10 1 1 4 0 0 0 0 0
644 20 0 0 8 1 1 0 0 0
650 2 0 0 2 0 0 0 0 0
656 5 0 0 1 0 0 0 0 0
659 5 1 1 8 0 0 1 0 0
662 4 0 0 4 0 0 0 0 0
fn=_dl_allocate_tls_storage
88 5 1 1 0 0 0 0 0 0
94 3 0 0 0 0 0 0 0 0
448 5 1 1 0 0 0 7 0 0
450 2 0 0 0 0 0 0 0 0
461 1 0 0 2 0 0 0 0 0
465 1 0 0 0 0 0 0 0 0
466 1 0 0 0 0 0 0 0 0
489 5 0 0 0 0 0 0 0 0
496 4 0 0 0 0 0 0 0 0
501 2 1 1 0 0 0 1 1 1
503 3 0 0 0 0 0 0 0 0
504 1 0 0 0 0 0 0 0 0
509 6 0 0 7 0 0 0 0 0
fn=_dl_assign_tls_modid
159 6 0 0 2 0 0 0 0 0
172 6 1 1 2 0 0 0 0 0
212 6 0 0 2 0 0 0 0 0
214 6 1 1 0 0 0 2 0 0
217 4 0 0 0 0 0 2 0 0
fn=_dl_count_modids
225 5 1 1 1 0 0 0 0 0
226 1 0 0 1 0 0 0 0 0
241 1 0 0 0 0 0 0 0 0
fn=_dl_determine_tlsoffset
247 2 0 0 0 0 0 2 0 0
248 2 1 1 0 0 0 0 0 0
249 1 0 0 0 0 0 0 0 0
250 1 0 0 0 0 0 0 0 0
253 4 1 1 1 0 0 0 0 0
256 2 0 0 1 0 0 0 0 0
338 1 0 0 0 0 0 0 0 0
340 11 0 0 3 0 0 0 0 0
342 5 1 1 1 0 0 0 0 0
344 6 0 0 2 0 0 0 0 0
345 4 0 0 2 0 0 0 0 0
347 4 0 0 0 0 0 0 0 0
349 10 1 1 2 0 0 0 0 0
356 2 0 0 0 0 0 2 0 0
363 8 0 0 0 0 0 0 0 0
364 2 0 0 0 0 0 0 0 0
365 6 0 0 0 0 0 0 0 0
367 2 0 0 0 0 0 0 0 0
368 2 0 0 0 0 0 0 0 0
371 6 0 0 0 0 0 0 0 0
374 2 0 0 0 0 0 0 0 0
377 2 0 0 0 0 0 1 0 0
378 6 1 1 1 0 0 0 0 0
385 1 0 0 0 0 0 2 1 1
386 2 0 0 2 0 0 0 0 0
fn=_dl_tls_initial_modid_limit_setup
1088 2 1 1 1 0 0 0 0 0
1090 11 1 1 1 0 0 0 0 0
1092 6 0 0 3 0 0 0 0 0
1093 3 0 0 0 0 0 0 0 0
1096 4 0 0 2 0 0 0 0 0
1099 2 0 0 0 0 0 1 0 0
1100 1 0 0 0 0 0 0 0 0
fn=_dl_tls_static_surplus_init
108 4 0 0 0 0 0 0 0 0
122 5 2 2 0 0 0 5 0 0
126 6 0 0 1 0 0 0 0 0
127 5 1 1 1 0 0 0 0 0
133 3 0 0 0 0 0 0 0 0
135 3 0 0 0 0 0 0 0 0
138 1 0 0 0 0 0 0 0 0
140 2 0 0 0 0 0 1 0 0
142 4 0 0 0 0 0 1 0 0
143 4 0 0 5 0 0 0 0 0
fn=allocate_dtv
391 4 1 1 0 0 0 4 0 0
396 3 0 0 1 0 0 0 0 0
400 1 0 0 0 0 0 0 0 0
402 1 0 0 0 0 0 0 0 0
405 3 1 1 0 0 0 1 1 1
411 1 0 0 0 0 0 1 0 0
417 3 0 0 4 0 0 0 0 0
fl=./elf/./elf/dl-tunables.c
fn=__GI___tunable_set_val
158 4 0 0 0 0 0 0 0 0
160 2 0 0 0 0 0 0 0 0
fn=__GI___tunables_init
71 162 0 0 54 0 0 0 0 0
74 159 1 1 0 0 0 0 0 0
77 4080 1 1 680 28 28 0 0 0
81 53 0 0 0 0 0 0 0 0
86 213 0 0 0 0 0 0 0 0
236 106 0 0 0 0 0 0 0 0
273 5 0 0 1 0 0 0 0 0
282 8 2 2 0 0 0 12 0 0
305 6360 0 0 0 0 0 0 0 0
307 4 0 0 0 0 0 1 0 0
311 7314 1 1 3180 36 36 0 0 0
357 7 1 1 12 0 0 0 0 0
fn=__tunable_get_val
408 259 14 4 26 20 19 0 0 0
417 14 0 0 7 3 2 7 0 0
427 38 5 0 19 6 5 19 0 0
428 19 0 0 0 0 0 0 0 0
434 260 1 1 26 0 0 0 0 0
436 26 0 0 0 0 0 0 0 0
fn=do_tunable_update_val
102 3 1 1 1 0 0 0 0 0
111 1 0 0 1 0 0 0 0 0
112 3 0 0 1 0 0 0 0 0
113 3 2 2 1 0 0 0 0 0
123 3 0 0 0 0 0 0 0 0
130 2 0 0 0 0 0 0 0 0
131 2 0 0 0 0 0 0 0 0
134 1 0 0 0 0 0 1 0 0
136 1 0 0 0 0 0 2 0 0
137 2 0 0 0 0 0 1 0 0
138 1 0 0 0 0 0 0 0 0
fl=./elf/./elf/dl-tunables.h
fn=__GI___tunables_init
140 1253 1 1 600 1 1 0 0 0
141 1748 0 0 0 0 0 0 0 0
fn=do_tunable_update_val
121 2 0 0 0 0 0 0 0 0
133 2 0 0 0 0 0 0 0 0
fl=./elf/./elf/dl-version.c
fn=_dl_check_all_versions
392 3 1 1 0 0 0 4 0 0
394 5 0 0 0 0 0 2 0 0
396 17 0 0 9 0 0 0 0 0
397 14 1 1 7 0 0 0 0 0
398 49 0 0 0 0 0 0 0 0
401 4 0 0 4 0 0 0 0 0
fn=_dl_check_map_versions
36 107 1 1 18 0 0 0 0 0
37 35 0 0 35 0 0 0 0 0
38 185 1 1 0 0 0 0 0 0
56 75 1 1 50 4 0 0 0 0
64 75 0 0 25 0 0 0 0 0
70 50 0 0 25 3 0 0 0 0
86 25 0 0 25 1 0 0 0 0
87 25 0 0 0 0 0 0 0 0
89 50 0 0 25 0 0 0 0 0
94 714 0 0 238 27 27 0 0 0
108 714 1 1 238 11 9 0 0 0
110 25 1 1 25 2 2 0 0 0
113 125 1 1 25 0 0 0 0 0
120 426 0 0 213 10 9 0 0 0
124 213 0 0 0 0 0 0 0 0
147 25 0 0 0 0 0 15 0 0
155 28 1 1 0 0 0 28 2 0
156 7 0 0 0 0 0 7 1 0
164 7 0 0 0 0 0 0 0 0
170 14 0 0 7 2 0 0 0 0
172 21 0 0 7 2 0 0 0 0
174 7 0 0 7 3 1 0 0 0
175 7 0 0 7 0 0 0 0 0
177 7 0 0 0 0 0 0 0 0
180 15 0 0 10 3 0 0 0 0
184 15 1 1 5 5 5 0 0 0
198 4 0 0 0 0 0 0 0 0
200 27 0 0 18 0 0 0 0 0
204 9 0 0 0 0 0 0 0 0
208 9 0 0 0 0 0 0 0 0
213 54 0 0 9 1 1 36 0 0
215 16 0 0 0 0 0 0 0 0
217 75 1 1 50 8 8 0 0 0
218 201 0 0 137 2 0 9 0 0
221 50 0 0 25 0 0 25 0 0
224 125 0 0 25 0 0 0 0 0
231 100 0 0 25 0 0 0 0 0
234 68 1 1 52 0 0 0 0 0
239 16 0 0 0 0 0 0 0 0
243 18 0 0 9 0 0 0 0 0
248 4 0 0 0 0 0 0 0 0
257 28 2 2 10 0 0 0 0 0
260 20 0 0 10 1 0 0 0 0
263 396 0 0 99 8 6 0 0 0
266 198 0 0 99 3 1 0 0 0
270 94 0 0 0 0 0 0 0 0
274 6 1 1 0 0 0 0 0 0
279 6 0 0 0 0 0 6 2 0
280 6 0 0 0 0 0 0 0 0
281 12 0 0 6 0 0 0 0 0
291 6 0 0 0 0 0 6 0 0
294 26 0 0 13 7 0 6 3 0
296 6 0 0 0 0 0 0 0 0
299 15 1 1 10 0 0 0 0 0
301 4 0 0 0 0 0 0 0 0
303 27 0 0 9 0 0 0 0 0
306 50 0 0 25 0 0 0 0 0
308 50 0 0 0 0 0 0 0 0
310 80 1 1 25 0 0 0 0 0
311 50 0 0 0 0 0 50 10 10
312 75 0 0 25 0 0 25 3 3
313 75 0 0 25 0 0 25 1 1
316 50 0 0 25 0 0 0 0 0
321 16 0 0 0 0 0 0 0 0
324 18 0 0 9 0 0 0 0 0
329 4 0 0 0 0 0 0 0 0
334 6 0 0 0 0 0 0 0 0
337 15 1 1 5 0 0 0 0 0
341 94 0 0 188 0 0 0 0 0
343 198 0 0 99 0 0 0 0 0
347 94 0 0 94 0 0 0 0 0
348 381 0 0 0 0 0 94 26 26
349 282 0 0 94 0 0 94 0 0
350 94 0 0 0 0 0 94 10 10
353 198 0 0 99 0 0 0 0 0
357 94 0 0 0 0 0 0 0 0
365 5 0 0 0 0 0 0 0 0
366 10 1 1 5 0 0 0 0 0
367 10 0 0 5 4 0 0 0 0
368 28 0 0 56 0 0 0 0 0
387 28 0 0 35 0 0 0 0 0
fl=./elf/./elf/do-rel.h
fn=_dl_relocate_object
49 42 0 0 14 0 0 0 0 0
50 28 0 0 28 2 1 0 0 0
51 14 0 0 7 1 0 0 0 0
53 70 0 0 28 1 0 0 0 0
80 14 0 0 0 0 0 0 0 0
83 3525 1 1 0 0 0 0 0 0
114 38 1 1 8 0 0 7 0 0
123 6682 0 0 0 0 0 0 0 0
126 16 0 0 8 7 3 0 0 0
129 14 1 1 7 2 0 0 0 0
131 10119 0 0 28 2 1 0 0 0
133 13436 1 1 10077 2266 1080 0 0 0
134 10077 0 0 0 0 0 6718 2 0
135 3359 0 0 0 0 0 0 0 0
136 10101 0 0 3359 3 0 24 4 0
150 10093 0 0 3359 0 0 0 0 0
151 20 1 1 5 0 0 0 0 0
179 21 1 1 0 0 0 0 0 0
181 30 0 0 12 2 2 12 0 0
182 6 0 0 0 0 0 0 0 0
195 18 0 0 6 0 0 0 0 0
fn=_dl_start
49 6 1 1 2 0 0 0 0 0
50 4 0 0 4 0 0 0 0 0
51 2 0 0 1 0 0 0 0 0
53 11 0 0 4 0 0 0 0 0
56 71 0 0 0 0 0 0 0 0
61 23 1 1 0 0 0 0 0 0
63 12 1 1 12 1 1 0 0 0
64 12 0 0 0 0 0 0 0 0
65 6 0 0 0 0 0 0 0 0
fl=./elf/./elf/get-dynamic-info.h
fn=_dl_map_object_from_fd
39 5 0 0 0 0 0 0 0 0
43 5 0 0 0 0 0 0 0 0
45 260 0 0 130 35 35 0 0 0
49 250 0 0 0 0 0 0 0 0
51 66 0 0 0 0 0 0 0 0
52 43 0 0 0 0 0 0 0 0
53 10 0 0 0 0 0 0 0 0
54 104 1 1 0 0 0 0 0 0
55 62 0 0 0 0 0 0 0 0
56 28 1 1 0 0 0 0 0 0
59 35 1 1 0 0 0 0 0 0
62 35 1 1 0 0 0 0 0 0
64 28 0 0 0 0 0 0 0 0
68 125 1 1 0 0 0 125 32 32
72 10 0 0 0 0 0 0 0 0
84 10 0 0 5 0 0 0 0 0
85 25 1 1 10 0 0 5 0 0
86 25 0 0 10 0 0 5 0 0
87 25 0 0 10 0 0 5 0 0
88 10 0 0 5 5 5 0 0 0
89 25 1 1 10 0 0 5 0 0
90 22 0 0 9 1 1 4 0 0
91 25 0 0 10 0 0 5 0 0
103 30 0 0 10 0 0 5 0 0
110 10 0 0 5 0 0 0 0 0
115 15 0 0 5 0 0 0 0 0
122 10 0 0 5 0 0 0 0 0
123 20 1 1 10 0 0 0 0 0
129 10 0 0 5 0 0 0 0 0
147 10 0 0 5 0 0 0 0 0
162 10 2 1 5 0 0 0 0 0
164 3 0 0 1 0 0 1 0 0
165 1 0 0 0 0 0 0 0 0
174 2 0 0 1 0 0 0 0 0
180 1 0 0 0 0 0 0 0 0
184 10 0 0 5 0 0 0 0 0
fl=./elf/./elf/libc_early_init.c
fn=__libc_early_init
33 10 1 1 2 1 1 4 0 0
35 1 0 0 0 0 0 0 0 0
38 3 0 0 1 1 1 1 0 0
41 4 1 1 0 0 0 2 2 2
49 11 0 0 6 0 0 0 0 0
fl=./elf/./elf/rtld.c
fn=_dl_start
460 5 1 1 0 0 0 1 0 0
478 3 0 0 0 0 0 0 0 0
479 2 0 0 0 0 0 1 0 0
480 1 0 0 0 0 0 1 1 1
481 3 0 0 0 0 0 1 0 0
482 3 0 0 0 0 0 1 0 0
491 2 0 0 0 0 0 1 0 0
497 4 0 0 1 0 0 0 0 0
499 2 1 1 1 0 0 0 0 0
520 9 1 1 0 0 0 13 3 3
546 3 0 0 0 0 0 1 1 1
549 3 0 0 0 0 0 1 1 1
550 3 1 1 1 1 1 1 0 0
566 48 5 5 9 0 0 9 1 1
568 4 1 1 1 0 0 1 0 0
581 1 0 0 0 0 0 0 0 0
588 7 0 0 12 1 1 0 0 0
fn=dl_main
196 2 1 1 0 0 0 1 0 0
198 1 0 0 0 0 0 1 0 0
223 2 1 1 2 1 1 0 0 0
224 3 0 0 2 0 0 0 0 0
225 3 1 0 0 0 0 0 0 0
295 4 0 0 0 0 0 3 0 0
301 1 0 0 0 0 0 1 0 0
302 1 0 0 0 0 0 1 0 0
845 2 0 0 1 0 0 0 0 0
849 3 0 0 1 1 0 1 0 0
858 4 1 1 2 1 0 1 0 0
863 1 0 0 0 0 0 1 0 0
1123 1 0 0 1 0 0 0 0 0
1124 1 0 0 1 0 0 0 0 0
1126 1 0 0 0 0 0 0 0 0
1129 1 0 0 0 0 0 1 0 0
1131 4 0 0 1 1 1 1 0 0
1133 3 1 1 1 0 0 1 0 0
1134 3 0 0 1 0 0 1 0 0
1149 1 0 0 0 0 0 0 0 0
1152 32 1 1 0 0 0 0 0 0
1153 75 2 2 9 5 5 0 0 0
1157 3 1 1 1 0 0 1 0 0
1158 1 0 0 0 0 0 0 0 0
1162 4 0 0 2 0 0 1 0 0
1163 6 1 1 2 0 0 1 0 0
1164 1 0 0 0 0 0 0 0 0
1172 5 1 1 0 0 0 1 1 1
1173 3 0 0 2 1 1 0 0 0
1175 1 1 1 0 0 0 1 0 0
1182 2 0 0 1 0 0 0 0 0
1200 2 0 0 0 0 0 0 0 0
1208 4 0 0 2 0 0 0 0 0
1209 8 0 0 3 1 1 0 0 0
1210 6 0 0 2 0 0 0 0 0
1211 1 1 1 0 0 0 1 0 0
1213 4 0 0 2 0 0 0 0 0
1214 6 0 0 0 0 0 0 0 0
1215 3 0 0 0 0 0 1 0 0
1218 6 0 0 2 1 1 0 0 0
1219 6 0 0 2 0 0 0 0 0
1220 2 0 0 0 0 0 2 0 0
1221 7 0 0 3 0 0 0 0 0
1222 2 1 1 0 0 0 1 0 0
1226 4 0 0 0 0 0 0 0 0
1254 4 0 0 2 0 0 1 1 1
1255 1 0 0 0 0 0 0 0 0
1258 2 0 0 1 0 0 1 1 1
1259 2 0 0 1 0 0 1 0 0
1260 1 0 0 0 0 0 0 0 0
1264 20 0 0 0 0 0 0 0 0
1265 32 1 1 9 0 0 0 0 0
1277 2 0 0 1 1 1 0 0 0
1280 2 0 0 1 0 0 0 0 0
1282 2 1 1 1 0 0 0 0 0
1284 4 0 0 2 0 0 0 0 0
1359 12 1 1 0 0 0 14 3 3
1364 1 0 0 0 0 0 0 0 0
1370 1 0 0 0 0 0 0 0 0
1386 5 1 1 2 0 0 1 0 0
1387 6 0 0 2 0 0 0 0 0
1656 9 1 1 0 0 0 2 0 0
1658 2 1 1 1 0 0 0 0 0
1659 1 0 0 0 0 0 1 0 0
1660 3 0 0 1 0 0 2 0 0
1661 3 0 0 2 0 0 1 1 1
1665 2 0 0 0 0 0 0 0 0
1666 8 1 1 3 0 0 2 0 0
1691 4 0 0 2 0 0 0 0 0
1692 6 0 0 4 0 0 0 0 0
1693 4 1 1 2 0 0 0 0 0
1694 4 0 0 1 0 0 2 0 0
1697 3 1 1 0 0 0 0 0 0
1699 1 0 0 0 0 0 2 0 0
1700 2 0 0 0 0 0 1 0 0
1702 2 0 0 1 0 0 0 0 0
1703 1 0 0 0 0 0 1 0 0
1707 4 0 0 2 0 0 0 0 0
1709 1 0 0 0 0 0 0 0 0
1717 2 1 1 1 0 0 0 0 0
1724 4 1 1 2 0 0 2 0 0
1727 3 0 0 1 0 0 0 0 0
1752 6 1 1 2 0 0 0 0 0
1754 1 0 0 0 0 0 1 0 0
1759 3 1 1 3 0 0 0 0 0
1762 4 1 1 2 0 0 1 0 0
1763 6 0 0 2 0 0 1 0 0
1764 2 1 1 0 0 0 1 0 0
1765 1 0 0 0 0 0 1 0 0
1766 3 0 0 1 0 0 1 0 0
1767 3 0 0 1 0 0 1 0 0
1778 5 0 0 1 1 1 0 0 0
1779 3 0 0 1 0 0 0 0 0
1781 2 1 1 1 0 0 0 0 0
1783 1 0 0 0 0 0 1 0 0
1784 4 0 0 1 0 0 1 1 0
1789 3 0 0 0 0 0 0 0 0
1790 8 0 0 1 1 1 0 0 0
1792 4 0 0 2 0 0 1 1 1
1793 2 1 1 1 0 0 1 0 0
1798 4 0 0 2 1 1 0 0 0
1807 3 1 1 0 0 0 0 0 0
1811 1 0 0 0 0 0 0 0 0
1812 2 0 0 1 0 0 0 0 0
1836 3 1 1 0 0 0 2 0 0
1842 2 0 0 0 0 0 1 0 0
1843 2 0 0 0 0 0 2 0 0
1848 4 0 0 1 0 0 0 0 0
1853 3 1 1 3 0 0 0 0 0
1855 1 0 0 0 0 0 0 0 0
1857 2 0 0 1 0 0 0 0 0
1861 8 1 1 2 0 0 2 0 0
1866 2 0 0 1 0 0 0 0 0
1882 8 0 0 2 0 0 2 0 0
1958 2 1 1 1 0 0 0 0 0
1962 6 0 0 0 0 0 0 0 0
1963 1 0 0 0 0 0 0 0 0
1966 3 1 1 0 0 0 1 0 0
1967 1 0 0 1 0 0 0 0 0
1968 1 0 0 0 0 0 0 0 0
1969 2 0 0 0 0 0 0 0 0
1974 4 0 0 1 0 0 0 0 0
1984 9 1 1 1 0 0 2 0 0
1990 24 1 0 3 1 0 0 0 0
1991 31 0 0 15 0 0 7 0 0
1994 5 1 1 3 1 0 1 0 0
1995 1 0 0 0 0 0 0 0 0
1996 1 0 0 0 0 0 1 0 0
1998 19 0 0 0 0 0 0 0 0
1999 25 1 1 6 0 0 0 0 0
2003 2 0 0 0 0 0 0 0 0
2009 1 0 0 0 0 0 0 0 0
2011 5 0 0 2 0 0 1 0 0
2012 1 0 0 0 0 0 0 0 0
2014 4 0 0 1 0 0 1 0 0
2016 3 0 0 0 0 0 0 0 0
2018 4 1 1 1 0 0 0 0 0
2019 1 0 0 1 0 0 0 0 0
2020 3 0 0 0 0 0 0 0 0
2032 2 0 0 0 0 0 0 0 0
2033 2 0 0 0 0 0 1 0 0
2034 4 1 1 2 0 0 0 0 0
2045 4 0 0 1 1 0 1 1 0
2046 3 0 0 0 0 0 1 0 0
2047 7 1 1 1 0 0 2 0 0
2057 2 0 0 1 0 0 0 0 0
2058 2 0 0 2 0 0 0 0 0
2059 5 1 1 1 0 0 0 0 0
2061 1 0 0 0 0 0 0 0 0
2066 2 0 0 1 1 0 0 0 0
2265 4 0 0 1 0 0 1 0 0
2269 4 1 1 2 0 0 2 1 0
2275 2 0 0 1 0 0 1 0 0
2278 2 0 0 1 0 0 0 0 0
2286 3 0 0 1 0 0 1 0 0
2297 5 0 0 1 0 0 0 0 0
2300 4 0 0 1 0 0 1 0 0
2305 2 1 1 2 0 0 0 0 0
2306 31 0 0 2 1 1 1 0 0
2308 14 1 1 14 8 2 0 0 0
2313 14 0 0 14 6 2 0 0 0
2315 8 0 0 0 0 0 0 0 0
2317 8 1 0 0 0 0 1 0 0
2318 1 0 0 1 0 0 0 0 0
2321 21 0 0 7 0 0 7 0 0
2323 15 0 0 0 0 0 0 0 0
2324 42 0 0 12 7 2 0 0 0
2328 20 1 1 9 3 1 0 0 0
2329 6 0 0 0 0 0 0 0 0
2338 4 1 1 2 0 0 0 0 0
2342 5 0 0 2 0 0 0 0 0
2343 2 1 1 1 0 0 0 0 0
2344 5 0 0 2 0 0 1 0 0
2351 5 1 1 0 0 0 2 1 1
2354 5 0 0 3 0 0 0 0 0
2364 8 0 0 3 1 1 0 0 0
2366 1 1 1 0 0 0 0 0 0
2376 2 1 1 0 0 0 1 0 0
2381 3 0 0 1 0 0 0 0 0
2384 1 0 0 0 0 0 0 0 0
2390 3 0 0 1 0 0 1 0 0
2391 7 1 1 2 0 0 0 0 0
2399 5 0 0 2 0 0 0 0 0
2406 1 0 0 0 0 0 0 0 0
2410 3 0 0 0 0 0 0 0 0
2415 2 0 0 0 0 0 0 0 0
2416 1 0 0 0 0 0 1 0 0
2417 1 0 0 0 0 0 0 0 0
2422 1 0 0 0 0 0 0 0 0
2427 9 1 1 12 2 2 0 0 0
2560 3 0 0 1 0 0 1 0 0
2562 2 0 0 0 0 0 1 1 1
2566 7 1 1 1 0 0 1 0 0
2568 9 0 0 3 0 0 0 0 0
2570 2 0 0 0 0 0 0 0 0
2572 84 1 1 21 0 0 0 0 0
2573 19 0 0 0 0 0 0 0 0
2575 4 0 0 0 0 0 0 0 0
2581 15 3 3 0 0 0 0 0 0
2602 5 1 1 1 0 0 0 0 0
2609 11 1 1 2 0 0 0 0 0
2611 2 0 0 0 0 0 1 0 0
2612 1 0 0 0 0 0 0 0 0
2657 2 1 1 1 0 0 0 0 0
2658 12 2 2 2 0 0 0 0 0
2660 2 0 0 0 0 0 1 0 0
2661 3 0 0 0 0 0 1 0 0
2662 1 0 0 0 0 0 0 0 0
2674 5 2 2 0 0 0 1 0 0
2699 3 1 1 1 0 0 0 0 0
2724 5 0 0 1 0 0 0 0 0
fn=do_preload
812 7 1 1 0 0 0 6 0 0
818 1 0 0 0 0 0 2 0 0
819 1 0 0 0 0 0 1 0 0
820 2 0 0 0 0 0 1 0 0
822 3 0 0 1 0 0 0 0 0
824 7 1 1 0 0 0 0 0 0
825 2 0 0 1 0 0 0 0 0
833 3 0 0 1 0 0 0 0 0
839 4 1 1 6 0 0 0 0 0
fn=handle_preload_list
182 7 1 1 1 0 0 2 0 0
877 7 1 1 0 0 0 6 2 2
878 4 0 0 0 0 0 2 0 0
882 4 0 0 2 0 0 0 0 0
885 5 1 1 0 0 0 0 0 0
886 3 0 0 0 0 0 0 0 0
888 5 0 0 0 0 0 0 0 0
889 1 1 1 0 0 0 1 0 0
895 1 0 0 0 0 0 0 0 0
896 1 0 0 1 0 0 0 0 0
897 2 0 0 0 0 0 0 0 0
899 2 0 0 1 0 0 0 0 0
900 5 0 0 0 0 0 0 0 0
903 9 1 1 10 0 0 0 0 0
fn=init_tls
737 5 1 1 0 0 0 6 0 0
739 4 1 1 1 0 0 1 0 0
743 2 0 0 1 1 0 0 0 0
749 1 0 0 0 0 0 0 0 0
752 1 0 0 0 0 0 1 0 0
754 1 0 0 0 0 0 0 0 0
758 1 0 0 0 0 0 0 0 0
759 1 0 0 0 0 0 1 1 1
760 1 0 0 0 0 0 1 0 0
764 2 0 0 1 1 1 0 0 0
765 2 0 0 0 0 0 0 0 0
766 9 1 1 1 0 0 0 0 0
767 7 0 0 7 0 0 0 0 0
768 14 0 0 7 6 0 0 0 0
772 6 0 0 0 0 0 2 0 0
776 5 0 0 1 0 0 0 0 0
779 2 1 1 0 0 0 0 0 0
782 1 0 0 0 0 0 0 0 0
789 2 0 0 0 0 0 0 0 0
790 1 0 0 0 0 0 0 0 0
794 1 0 0 0 0 0 0 0 0
798 2 0 0 1 0 0 1 0 0
801 1 0 0 0 0 0 0 0 0
804 1 0 0 0 0 0 0 0 0
805 3 0 0 0 0 0 1 0 0
808 5 1 1 6 0 0 0 0 0
fn=map_doit
644 4 1 1 0 0 0 3 0 0
646 3 0 0 1 0 0 0 0 0
647 6 1 1 2 0 0 1 0 0
649 3 0 0 3 0 0 0 0 0
fn=version_check_doit
677 4 1 1 0 0 0 3 1 0
679 6 0 0 2 0 0 0 0 0
683 3 1 1 3 0 0 0 0 0
fl=./elf/./get-dynamic-info.h
fn=_dl_start
45 40 0 0 20 5 5 0 0 0
49 38 1 1 0 0 0 0 0 0
51 10 0 0 0 0 0 0 0 0
52 7 0 0 0 0 0 0 0 0
53 3 0 0 0 0 0 0 0 0
54 16 1 1 0 0 0 0 0 0
55 10 0 0 0 0 0 0 0 0
56 4 0 0 0 0 0 0 0 0
59 5 1 1 0 0 0 0 0 0
62 5 0 0 0 0 0 0 0 0
64 4 0 0 0 0 0 0 0 0
68 21 0 0 0 0 0 19 8 8
72 2 0 0 0 0 0 0 0 0
84 2 0 0 1 0 0 0 0 0
85 6 1 1 2 0 0 1 0 0
86 6 0 0 2 0 0 1 0 0
87 6 1 1 2 0 0 1 0 0
88 3 0 0 1 1 1 0 0 0
89 6 1 1 2 0 0 1 0 0
90 6 0 0 2 0 0 1 0 0
91 6 0 0 2 0 0 1 0 0
103 8 2 2 2 0 0 1 0 0
110 2 0 0 1 0 0 0 0 0
115 3 0 0 1 0 0 0 0 0
122 2 0 0 1 0 0 0 0 0
123 5 0 0 2 0 0 0 0 0
129 2 0 0 1 0 0 0 0 0
133 3 1 1 1 0 0 0 0 0
134 2 0 0 1 0 0 0 0 0
139 2 0 0 1 0 0 0 0 0
142 3 1 1 1 0 0 0 0 0
fn=dl_main
39 2 0 0 1 0 0 0 0 0
43 1 0 0 0 0 0 0 0 0
45 54 2 2 27 7 7 0 0 0
49 52 0 0 0 0 0 0 0 0
51 12 0 0 0 0 0 0 0 0
52 8 0 0 0 0 0 0 0 0
53 2 0 0 0 0 0 0 0 0
54 19 1 1 0 0 0 0 0 0
55 12 0 0 0 0 0 0 0 0
56 4 1 1 0 0 0 0 0 0
59 5 1 1 0 0 0 0 0 0
62 5 1 1 0 0 0 0 0 0
64 4 1 1 0 0 0 0 0 0
68 26 0 0 0 0 0 26 7 7
72 3 0 0 1 0 0 0 0 0
84 2 0 0 1 0 0 0 0 0
85 5 0 0 2 0 0 1 0 0
86 5 1 1 2 0 0 1 0 0
87 5 0 0 2 0 0 1 0 0
88 2 0 0 1 1 1 0 0 0
89 5 1 1 2 0 0 1 0 0
90 5 0 0 2 0 0 1 0 0
91 5 0 0 2 0 0 1 0 0
103 6 1 1 2 0 0 1 0 0
110 2 0 0 1 0 0 0 0 0
115 3 0 0 1 0 0 0 0 0
122 2 0 0 1 0 0 0 0 0
123 4 0 0 2 0 0 0 0 0
129 2 0 0 1 0 0 0 0 0
147 2 1 1 1 0 0 0 0 0
162 2 0 0 1 0 0 0 0 0
164 3 1 1 1 0 0 1 0 0
165 1 0 0 0 0 0 0 0 0
174 3 0 0 1 0 0 0 0 0
180 1 0 0 0 0 0 0 0 0
184 2 0 0 1 0 0 0 0 0
fl=./elf/./setup-vdso.h
fn=dl_main
24 4 0 0 1 0 0 0 0 0
fl=./iconv/./iconv/gconv_simple.c
fn=__gconv_btwoc_ascii
49 128 0 0 0 0 0 0 0 0
51 128 1 1 0 0 0 0 0 0
54 256 0 0 0 0 0 0 0 0
fl=./io/../sysdeps/unix/sysv/linux/access.c
fn=access
25 1 1 1 0 0 0 0 0 0
29 10 0 0 0 0 0 1 0 0
31 1 0 0 0 0 0 0 0 0
fl=./io/../sysdeps/unix/sysv/linux/close_nocancel.c
fn=__GI___close_nocancel
26 30 5 2 0 0 0 0 0 0
27 6 0 0 0 0 0 0 0 0
fl=./io/../sysdeps/unix/sysv/linux/fstat64.c
fn=fstat
29 6 4 1 0 0 0 0 0 0
30 6 0 0 0 0 0 0 0 0
35 24 0 0 0 0 0 0 0 0
fl=./io/../sysdeps/unix/sysv/linux/fstatat64.c
fn=fstatat
99 56 5 1 0 0 0 0 0 0
168 21 0 0 0 0 0 7 0 0
169 42 5 1 0 0 0 0 0 0
170 14 0 0 0 0 0 0 0 0
fl=./io/../sysdeps/unix/sysv/linux/open64_nocancel.c
fn=__open_nocancel
28 68 1 1 0 0 0 17 0 0
31 102 0 0 0 0 0 0 0 0
39 129 0 0 0 0 0 11 0 0
41 34 1 1 0 0 0 0 0 0
fl=./io/../sysdeps/unix/sysv/linux/read_nocancel.c
fn=__read_nocancel
26 25 1 1 0 0 0 0 0 0
27 5 0 0 0 0 0 0 0 0
fl=./io/../sysdeps/unix/sysv/linux/stat64.c
fn=stat
29 40 1 0 0 0 0 0 0 0
fl=./libio/./libio/fileops.c
fn=_IO_file_sync@@GLIBC_2.17
792 40 1 1 0 0 0 40 0 0
797 30 0 0 20 1 1 0 0 0
799 10 1 1 20 0 0 0 0 0
800 20 0 0 0 0 0 0 0 0
811 30 1 1 0 0 0 10 0 0
815 30 0 0 40 0 0 0 0 0
fl=./libio/./libio/genops.c
fn=_IO_cleanup
786 6 0 0 0 0 0 2 0 0
787 19 1 1 2 0 0 2 0 0
790 9 0 0 4 0 0 0 0 0
800 6 0 0 3 0 0 0 0 0
802 9 1 1 3 0 0 0 0 0
805 6 0 0 3 1 1 0 0 0
807 4 0 0 2 0 0 0 0 0
844 6 0 0 0 0 0 3 0 0
848 13 2 2 2 0 0 2 0 0
849 2 0 0 0 0 0 0 0 0
869 12 2 2 2 1 0 11 0 0
872 3 0 0 0 0 0 0 0 0
884 15 1 1 13 0 0 0 0 0
fn=_IO_flush_all_lockp
686 12 1 1 2 0 0 9 0 0
687 2 0 0 0 0 0 1 0 0
691 6 1 1 0 0 0 2 0 0
692 19 1 1 2 1 0 2 0 0
695 9 0 0 4 2 2 0 0 0
697 3 0 0 0 0 0 3 0 0
698 2 0 0 0 0 0 0 0 0
701 21 2 2 9 4 2 0 0 0
709 3 0 0 0 0 0 0 0 0
711 3 0 0 0 0 0 3 0 0
715 13 4 4 2 0 0 2 0 0
716 2 0 0 0 0 0 0 0 0
720 14 0 0 11 0 0 0 0 0
fl=./libio/./libio/iofflush.c
fn=fflush
32 50 0 0 0 0 0 50 0 0
33 10 1 1 0 0 0 0 0 0
39 180 1 1 50 5 5 20 0 0
40 70 0 0 20 3 3 0 0 0
44 40 0 0 50 0 0 0 0 0
fl=./libio/./libio/libioP.h
fn=_IO_cleanup
940 7 1 1 0 0 0 1 0 0
fn=fflush
883 20 0 0 10 0 0 0 0 0
884 100 1 1 20 0 0 20 0 0
940 50 0 0 0 0 0 0 0 0
942 10 0 0 0 0 0 0 0 0
943 20 1 1 0 0 0 0 0 0
fl=./libio/./libio/vtables.c
fn=check_stdfiles_vtables
84 7 1 1 2 2 2 0 0 0
85 5 1 1 2 2 2 0 0 0
86 5 0 0 2 1 1 0 0 0
88 1 0 0 0 0 0 0 0 0
fl=./locale/./locale/newlocale.c
fn=newlocale
43 16 2 2 2 0 0 13 0 0
55 2 0 0 0 0 0 0 0 0
56 1 0 0 0 0 0 0 0 0
63 1 1 1 0 0 0 0 0 0
66 4 0 0 0 0 0 0 0 0
73 5 1 1 2 0 0 0 0 0
75 1 0 0 0 0 0 0 0 0
277 16 2 2 15 0 0 0 0 0
fl=./locale/./locale/uselocale.c
fn=uselocale
31 10 2 2 4 2 0 0 0 0
33 2 0 0 0 0 0 0 0 0
36 6 0 0 0 0 0 0 0 0
37 2 0 0 0 0 0 2 0 0
65 6 0 0 2 1 0 2 1 0
66 8 0 0 6 3 1 2 0 0
68 8 1 1 4 1 0 2 0 0
72 4 0 0 0 0 0 0 0 0
73 4 0 0 0 0 0 0 0 0
fl=./malloc/./malloc/arena.c
fn=malloc
162 2 0 0 1 0 0 0 0 0
315 1 1 1 0 0 0 0 0 0
fn=ptmalloc_init.part.0
313 10 1 1 2 1 0 7 0 0
318 5 0 0 0 0 0 1 0 0
325 6 1 1 1 0 0 0 0 0
343 3 0 0 1 0 0 0 0 0
347 8 1 1 1 1 1 1 1 0
352 5 0 0 0 0 0 0 0 0
353 5 0 0 0 0 0 0 0 0
354 5 1 1 0 0 0 0 0 0
355 5 0 0 0 0 0 0 0 0
356 5 0 0 0 0 0 0 0 0
357 5 1 1 0 0 0 0 0 0
358 5 0 0 0 0 0 0 0 0
360 5 0 0 0 0 0 0 0 0
361 5 1 1 0 0 0 0 0 0
362 5 0 0 0 0 0 0 0 0
365 5 0 0 0 0 0 0 0 0
366 5 1 1 0 0 0 0 0 0
367 3 0 0 1 1 1 0 0 0
430 12 1 1 9 0 0 0 0 0
fl=./malloc/./malloc/malloc.c
fn=_int_malloc
1338 3 0 0 0 0 0 0 0 0
1348 30 2 1 3 0 0 18 0 0
1357 12 0 0 0 0 0 0 0 0
1804 3 0 0 0 0 0 0 0 0
3766 9 2 1 0 0 0 12 0 0
3807 3 0 0 0 0 0 0 0 0
3834 9 0 0 3 0 0 0 0 0
3854 6 2 1 0 0 0 0 0 0
3897 6 2 1 0 0 0 0 0 0
3899 3 1 1 0 0 0 0 0 0
3900 4 2 2 0 0 0 0 0 0
3902 3 0 0 1 0 0 0 0 0
3959 36 5 3 0 0 0 4 0 0
3960 6 0 0 2 1 0 0 0 0
3978 3 0 0 0 0 0 0 0 0
3979 6 0 0 0 0 0 0 0 0
3980 26 2 1 8 0 0 0 0 0
3984 3 0 0 0 0 0 0 0 0
3990 12 0 0 3 1 0 0 0 0
4001 2 1 1 0 0 0 2 0 0
4179 6 2 1 0 0 0 0 0 0
4181 4 1 0 0 0 0 0 0 0
4184 8 0 0 2 1 0 0 0 0
4252 3 1 1 0 0 0 0 0 0
4253 15 2 1 0 0 0 0 0 0
4254 3 0 0 0 0 0 0 0 0
4255 9 0 0 3 1 0 0 0 0
4256 6 0 0 0 0 0 0 0 0
4261 12 0 0 0 0 0 0 0 0
4265 15 0 0 0 0 0 0 0 0
4268 9 0 0 2 0 0 0 0 0
4365 3 0 0 3 0 0 0 0 0
4366 6 2 1 3 1 0 0 0 0
4368 9 0 0 3 0 0 0 0 0
4371 9 0 0 0 0 0 0 0 0
4373 1 0 0 0 0 0 0 0 0
4374 1 0 0 0 0 0 0 0 0
4375 1 0 0 0 0 0 1 0 0
4376 7 1 1 0 0 0 1 0 0
4378 2 0 0 0 0 0 1 1 1
4381 1 0 0 0 0 0 0 0 0
4382 2 0 0 0 0 0 0 0 0
4388 8 0 0 2 0 0 4 0 0
4403 8 2 1 0 0 0 0 0 0
4404 2 0 0 0 0 0 0 0 0
4405 22 4 2 24 0 0 0 0 0
4409 12 2 1 12 0 0 0 0 0
fn=alloc_perturb
1999 9 2 1 3 0 0 0 0 0
2001 3 0 0 0 0 0 0 0 0
fn=free
3346 5 0 0 0 0 0 7 0 0
3350 1 1 1 0 0 0 0 0 0
3355 4 0 0 1 1 1 0 0 0
3358 4 0 0 2 2 2 0 0 0
3360 1 0 0 0 0 0 0 0 0
3362 2 1 1 1 1 1 0 0 0
3366 4 0 0 1 1 1 0 0 0
3368 5 0 0 1 0 0 0 0 0
3375 2 0 0 0 0 0 0 0 0
3388 1 0 0 0 0 0 1 0 0
3389 5 1 1 7 0 0 0 0 0
fn=malloc
476 6 0 0 2 0 0 0 0 0
1338 2 0 0 0 0 0 0 0 0
1348 8 0 0 2 0 0 0 0 0
1357 2 0 0 0 0 0 0 0 0
1473 6 0 0 2 0 0 0 0 0
3235 3 1 1 1 0 0 0 0 0
3281 12 2 1 0 0 0 16 0 0
3288 8 0 0 2 2 1 0 0 0
3298 10 0 0 0 0 0 0 0 0
3300 12 2 1 4 3 0 0 0 0
3303 8 1 1 2 1 0 0 0 0
3313 6 2 1 2 0 0 0 0 0
3315 10 2 1 0 0 0 0 0 0
3316 8 2 1 2 0 0 0 0 0
3341 12 1 0 16 0 0 0 0 0
fn=munmap_chunk
3038 4 0 0 0 0 0 5 0 0
3039 3 0 0 2 1 1 0 0 0
3040 1 0 0 1 0 0 0 0 0
3042 1 1 1 0 0 0 0 0 0
3044 1 0 0 0 0 0 0 0 0
3045 3 0 0 1 0 0 0 0 0
3046 1 0 0 0 0 0 0 0 0
3052 3 0 0 0 0 0 0 0 0
3053 5 0 0 0 0 0 0 0 0
3056 5 1 1 0 0 0 0 0 0
3057 3 0 0 0 0 0 0 0 0
3062 3 0 0 0 0 0 0 0 0
3063 3 0 0 5 0 0 0 0 0
fn=ptmalloc_init.part.0
1960 381 0 0 0 0 0 0 0 0
1963 127 0 0 0 0 0 254 33 33
1971 3 0 0 0 0 0 1 0 0
1972 3 1 1 0 0 0 1 1 1
1974 2 0 0 0 0 0 1 0 0
3156 6 2 2 0 0 0 0 0 0
fn=sysmalloc
2022 11 1 1 2 0 0 0 0 0
2034 3 1 1 0 0 0 1 0 0
2542 28 4 2 4 0 0 18 0 0
2562 6 0 0 4 0 0 0 0 0
2563 3 0 0 0 0 0 5 0 0
2573 2 0 0 0 0 0 0 0 0
2574 8 2 1 2 1 0 0 0 0
2575 3 1 0 2 0 0 0 0 0
2579 5 1 1 1 0 0 0 0 0
2588 4 0 0 0 0 0 0 0 0
2589 2 0 0 0 0 0 0 0 0
2600 2 0 0 1 0 0 0 0 0
2601 2 0 0 1 0 0 0 0 0
2602 1 0 0 0 0 0 0 0 0
2604 2 1 1 0 0 0 0 0 0
2611 2 0 0 0 0 0 0 0 0
2617 3 1 1 0 0 0 0 0 0
2620 4 0 0 0 0 0 0 0 0
2681 4 1 1 1 1 1 0 0 0
2689 1 0 0 1 0 0 0 0 0
2690 3 0 0 0 0 0 0 0 0
2703 2 0 0 1 0 0 0 0 0
2711 5 1 1 0 0 0 1 0 0
2719 2 0 0 0 0 0 0 0 0
2721 4 1 1 0 0 0 1 0 0
2722 2 0 0 1 0 0 0 0 0
2758 3 1 1 1 1 1 0 0 0
2759 2 1 1 0 0 0 1 0 0
2760 4 1 1 1 0 0 1 0 0
2766 3 0 0 0 0 0 0 0 0
2769 5 1 1 1 0 0 0 0 0
2803 1 0 0 0 0 0 0 0 0
2809 2 0 0 0 0 0 0 0 0
2831 3 1 1 0 0 0 0 0 0
2832 4 0 0 0 0 0 0 0 0
2834 2 0 0 0 0 0 0 0 0
2835 4 0 0 0 0 0 1 0 0
2847 2 0 0 1 0 0 0 0 0
2889 2 0 0 0 0 0 1 0 0
2890 4 1 1 0 0 0 1 1 1
2891 6 0 0 2 0 0 1 0 0
2902 1 0 0 0 0 0 0 0 0
2935 3 1 1 1 0 0 0 0 0
2936 1 0 0 0 0 0 1 0 0
2941 2 0 0 1 0 0 0 0 0
2944 2 0 0 0 0 0 0 0 0
2946 1 0 0 0 0 0 0 0 0
2947 1 0 0 0 0 0 0 0 0
2948 1 0 0 0 0 0 1 0 0
2949 6 1 1 0 0 0 1 0 0
2950 2 0 0 0 0 0 1 1 1
2952 3 0 0 4 0 0 0 0 0
2958 26 2 1 22 0 0 0 0 0
fn=sysmalloc_mmap.constprop.0
2022 5 1 1 1 0 0 0 0 0
2414 4 1 1 0 0 0 6 0 0
2427 4 0 0 0 0 0 0 0 0
2432 2 0 0 0 0 0 0 0 0
2435 12 1 1 1 0 0 0 0 0
2438 2 1 1 0 0 0 0 0 0
2442 3 0 0 0 0 0 3 0 0
2460 3 0 0 0 0 0 0 0 0
2479 2 0 0 0 0 0 2 1 1
2483 6 1 1 0 0 0 0 0 0
2484 10 0 0 1 0 0 0 0 0
2487 5 0 0 0 0 0 0 0 0
2488 10 1 1 1 0 0 0 0 0
2493 7 0 0 9 0 0 0 0 0
fn=tcache_init.part.0
3229 4 1 1 0 0 0 6 0 0
3238 10 1 1 2 0 0 0 0 0
3239 4 0 0 0 0 0 0 0 0
3240 1 0 0 0 0 0 0 0 0
3248 5 1 1 0 0 0 0 0 0
3257 2 0 0 0 0 0 1 0 0
3258 4 0 0 0 0 0 0 0 0
3261 3 0 0 6 0 0 0 0 0
fl=./malloc/./malloc/morecore.c
fn=__glibc_morecore
25 4 1 1 0 0 0 4 0 0
26 6 1 1 2 0 0 0 0 0
29 2 0 0 0 0 0 0 0 0
30 4 0 0 0 0 0 0 0 0
34 4 0 0 4 0 0 0 0 0
fl=./malloc/./malloc/scratch_buffer_set_array_size.c
fn=__libc_scratch_buffer_set_array_size
30 20 1 1 0 0 0 20 0 0
31 5 0 0 0 0 0 0 0 0
34 5 0 0 0 0 0 0 0 0
35 15 1 1 0 0 0 0 0 0
45 15 0 0 5 0 0 0 0 0
46 5 1 1 0 0 0 0 0 0
63 15 0 0 20 0 0 0 0 0
fl=./misc/../sysdeps/unix/syscall-template.S
fn=mprotect
120 60 1 1 0 0 0 0 0 0
122 12 0 0 0 0 0 0 0 0
fn=munmap
120 60 3 3 0 0 0 0 0 0
122 12 0 0 0 0 0 0 0 0
fl=./misc/../sysdeps/unix/sysv/linux/brk.c
fn=brk
36 2 1 1 0 0 0 0 0 0
37 6 0 0 2 0 0 2 0 0
38 4 0 0 0 0 0 0 0 0
44 2 0 0 0 0 0 0 0 0
45 2 0 0 0 0 0 0 0 0
fl=./misc/../sysdeps/unix/sysv/linux/brk_call.h
fn=brk
24 4 0 0 0 0 0 0 0 0
fl=./misc/../sysdeps/unix/sysv/linux/mmap64.c
fn=mmap
50 44 3 2 0 0 0 0 0 0
58 154 1 1 0 0 0 0 0 0
60 22 0 0 0 0 0 0 0 0
fl=./misc/./misc/getauxval.c
fn=__getauxval2
31 2 1 1 0 0 0 0 0 0
33 2 0 0 1 1 1 0 0 0
34 2 0 0 0 0 0 0 0 0
41 1 0 0 0 0 0 1 0 0
56 1 0 0 0 0 0 0 0 0
fn=getauxval
31 4 2 1 0 0 0 0 0 0
33 6 2 1 4 3 0 0 0 0
61 2 1 1 0 0 0 2 0 0
64 4 1 1 0 0 0 0 0 0
65 1 0 0 1 0 0 0 0 0
69 4 0 0 2 0 0 0 0 0
fl=./misc/./misc/init-misc.c
fn=__init_misc
30 4 0 0 0 0 0 4 0 0
31 3 1 1 1 0 0 0 0 0
33 3 0 0 0 0 0 0 0 0
37 4 1 1 1 0 0 0 0 0
38 5 0 0 2 0 0 2 1 1
40 3 0 0 4 0 0 0 0 0
fl=./misc/./misc/sbrk.c
fn=sbrk
37 10 1 1 0 0 0 10 0 0
40 6 0 0 4 0 0 0 0 0
43 6 0 0 2 0 0 0 0 0
58 2 1 1 0 0 0 0 0 0
59 3 0 0 0 0 0 0 0 0
62 4 0 0 0 0 0 0 0 0
63 1 0 0 1 0 0 0 0 0
66 3 1 1 0 0 0 0 0 0
74 2 1 1 0 0 0 0 0 0
78 10 0 0 10 0 0 0 0 0
fl=./nptl/../sysdeps/nptl/futex-internal.h
fn=__pthread_once_slow
209 8 1 1 0 0 0 0 0 0
fl=./nptl/./nptl/cleanup_compat.c
fn=_pthread_cleanup_pop@@GLIBC_2.34
41 1 1 1 0 0 0 0 0 0
43 3 0 0 1 0 0 1 0 0
47 1 0 0 0 0 0 0 0 0
49 1 0 0 0 0 0 0 0 0
fn=_pthread_cleanup_push@@GLIBC_2.34
26 1 1 1 0 0 0 0 0 0
29 1 0 0 0 0 0 2 0 0
30 3 0 0 1 1 1 1 0 0
32 1 0 0 0 0 0 1 0 0
33 1 0 0 0 0 0 0 0 0
fl=./nptl/./nptl/libc-cleanup.c
fn=__libc_cleanup_pop_restore
54 8 2 2 0 0 0 12 0 0
55 2 0 0 0 0 0 0 0 0
57 6 0 0 2 0 0 2 0 0
59 4 0 0 2 0 0 0 0 0
60 4 0 0 2 0 0 0 0 0
77 8 1 1 12 0 0 0 0 0
fn=__libc_cleanup_push_defer
24 10 1 1 0 0 0 12 0 0
25 2 0 0 0 0 0 0 0 0
27 6 1 1 2 0 0 2 0 0
29 4 0 0 2 1 1 0 0 0
32 2 0 0 0 0 0 0 0 0
44 2 0 0 0 0 0 2 0 0
46 2 0 0 0 0 0 0 0 0
48 2 0 0 0 0 0 2 0 0
49 8 0 0 12 0 0 0 0 0
fl=./nptl/./nptl/pthread_mutex_conf.c
fn=__pthread_tunables_init
50 9 1 1 2 0 0 4 0 0
51 6 0 0 0 0 0 0 0 0
53 5 1 1 0 0 0 0 0 0
55 11 0 0 6 1 0 0 0 0
fl=./nptl/./nptl/pthread_mutex_lock.c
fn=pthread_mutex_lock@@GLIBC_2.17
44 1 1 1 1 0 0 0 0 0
45 7 0 0 2 0 0 0 0 0
46 2 1 1 0 0 0 1 0 0
77 3 1 1 0 0 0 4 0 0
80 4 0 0 1 1 1 0 0 0
84 2 1 1 0 0 0 0 0 0
88 3 0 0 0 0 0 2 0 0
108 4 1 1 1 0 0 0 0 0
112 2 0 0 0 0 0 0 0 0
115 4 0 0 2 1 1 0 0 0
124 1 0 0 0 0 0 0 0 0
130 1 0 0 0 0 0 0 0 0
131 3 0 0 0 0 0 1 0 0
182 1 0 0 1 0 0 0 0 0
184 3 1 1 1 0 0 2 0 0
190 4 0 0 6 0 0 0 0 0
fl=./nptl/./nptl/pthread_mutex_unlock.c
fn=__pthread_mutex_unlock_usercnt
39 1 0 0 1 0 0 0 0 0
40 5 0 0 1 0 0 0 0 0
41 1 0 0 0 0 0 1 0 0
48 5 0 0 0 0 0 4 0 0
51 4 1 1 1 0 0 0 0 0
52 2 0 0 0 0 0 0 0 0
57 1 1 1 0 0 0 0 0 0
62 1 0 0 0 0 0 1 0 0
63 1 0 0 0 0 0 0 0 0
65 4 0 0 1 0 0 1 0 0
72 1 0 0 0 0 0 0 0 0
74 2 1 1 0 0 0 0 0 0
80 4 1 1 1 0 0 0 0 0
84 6 1 1 2 0 0 0 0 0
87 5 0 0 1 0 0 1 0 0
104 3 0 0 4 0 0 0 0 0
fn=pthread_mutex_unlock@@GLIBC_2.17
368 2 1 1 0 0 0 0 0 0
fl=./nptl/./nptl/pthread_once.c
fn=__pthread_once_slow
68 12 1 1 2 0 0 7 0 0
76 1 0 0 1 0 0 0 0 0
80 1 0 0 0 0 0 0 0 0
88 3 1 1 1 1 1 0 0 0
92 7 1 1 0 0 0 0 0 0
101 4 0 0 0 0 0 0 0 0
114 15 2 2 0 0 0 8 0 0
116 1 0 0 0 0 0 0 0 0
118 3 0 0 0 0 0 0 0 0
124 2 0 0 0 0 0 1 0 0
132 13 0 0 9 0 0 0 0 0
fn=pthread_once@@GLIBC_2.34
139 14 1 1 14 1 1 0 0 0
140 14 0 0 0 0 0 0 0 0
143 1 0 0 0 0 0 0 0 0
144 26 0 0 0 0 0 0 0 0
fl=./posix/../malloc/dynarray-skeleton.c
fn=__unregister_atfork
243 10 0 0 5 0 0 0 0 0
fl=./posix/../sysdeps/unix/sysv/linux/_exit.c
fn=_Exit
30 7 2 2 1 0 0 0 0 0
fl=./posix/./posix/register-atfork.c
fn=__unregister_atfork
71 5 0 0 0 0 0 0 0 0
82 25 1 1 0 0 0 25 0 0
83 35 1 1 0 0 0 0 0 0
109 30 1 1 0 0 0 0 0 0
110 20 0 0 25 0 0 0 0 0
fl=./resource/../sysdeps/unix/sysv/linux/getrlimit64.c
fn=getrlimit
39 8 1 1 0 0 0 0 0 0
40 1 1 1 0 0 0 0 0 0
fl=./setjmp/../sysdeps/aarch64/setjmp.S
fn=__sigsetjmp
35 10 4 1 0 0 0 0 0 0
39 11 1 1 0 0 0 22 1 1
40 11 0 0 0 0 0 22 0 0
41 11 0 0 0 0 0 22 2 1
42 11 0 0 0 0 0 22 0 0
43 11 0 0 0 0 0 22 2 1
46 34 0 0 12 0 0 0 0 0
47 11 0 0 0 0 0 22 0 0
55 11 0 0 0 0 0 22 2 1
56 11 0 0 0 0 0 22 1 1
57 11 0 0 0 0 0 22 0 0
58 11 0 0 0 0 0 22 1 1
60 11 0 0 0 0 0 0 0 0
61 34 2 2 12 0 0 0 0 0
62 11 0 0 0 0 0 11 0 0
69 10 0 0 0 0 0 0 0 0
70 10 0 0 0 0 0 0 0 0
72 1 0 0 0 0 0 0 0 0
fn=_setjmp
29 1 1 1 0 0 0 0 0 0
30 1 0 0 0 0 0 0 0 0
31 1 0 0 0 0 0 0 0 0
fl=./setjmp/./setjmp/sigjmp.c
fn=__sigjmp_save
28 4 0 0 0 0 0 3 0 0
29 1 0 0 0 0 0 1 0 0
30 1 0 0 0 0 0 0 0 0
34 4 1 1 3 0 0 0 0 0
fl=./stdlib/../sysdeps/unix/sysv/linux/getrandom.c
fn=getrandom
28 3 1 1 0 0 0 4 0 0
29 10 1 1 1 0 0 0 0 0
30 4 0 0 4 0 0 0 0 0
fl=./stdlib/./stdlib/cxa_atexit.c
fn=__cxa_atexit
70 33 2 1 0 0 0 0 0 0
fn=__internal_atexit
36 44 2 1 0 0 0 66 0 0
41 11 0 0 0 0 0 0 0 0
43 110 0 0 11 1 0 0 0 0
44 33 2 1 0 0 0 0 0 0
46 11 0 0 0 0 0 0 0 0
53 44 0 0 22 1 0 0 0 0
55 11 0 0 0 0 0 22 0 0
57 11 0 0 0 0 0 22 5 5
58 11 0 0 0 0 0 0 0 0
59 66 3 1 11 0 0 0 0 0
60 11 0 0 0 0 0 0 0 0
61 44 0 0 66 0 0 0 0 0
fn=__new_exitfn
82 44 4 2 0 0 0 44 0 0
83 11 0 0 0 0 0 0 0 0
88 33 0 0 11 0 0 0 0 0
93 47 1 1 12 3 2 0 0 0
95 32 0 0 11 2 1 0 0 0
96 51 0 0 10 1 0 0 0 0
103 1 0 0 0 0 0 1 0 0
106 20 1 0 0 0 0 0 0 0
124 1 1 1 0 0 0 0 0 0
125 2 1 1 0 0 0 1 0 0
131 20 0 0 0 0 0 0 0 0
132 20 0 0 0 0 0 10 0 0
136 1 0 0 0 0 0 0 0 0
138 22 1 0 0 0 0 11 2 0
139 44 0 0 11 2 0 11 0 0
143 33 0 0 44 0 0 0 0 0
fl=./stdlib/./stdlib/cxa_finalize.c
fn=__cxa_finalize
30 40 1 1 0 0 0 60 0 0
33 30 0 0 5 1 0 0 0 0
36 25 0 0 10 1 0 0 0 0
40 165 1 1 5 0 0 0 0 0
41 207 1 1 54 3 3 0 0 0
43 14 0 0 9 0 0 0 0 0
45 9 0 0 18 0 0 0 0 0
76 9 0 0 0 0 0 9 0 0
79 28 0 0 14 2 0 0 0 0
82 55 0 0 5 0 0 0 0 0
83 27 0 0 0 0 0 0 0 0
84 45 1 1 0 0 0 0 0 0
88 27 0 0 9 0 0 0 0 0
94 25 0 0 10 0 0 0 0 0
98 30 1 1 5 1 1 0 0 0
105 5 0 0 0 0 0 0 0 0
106 10 1 1 0 0 0 0 0 0
107 30 0 0 5 0 0 0 0 0
108 35 0 0 60 0 0 0 0 0
fl=./stdlib/./stdlib/cxa_thread_atexit_impl.c
fn=__call_tls_dtors
149 4 1 1 0 0 0 6 0 0
150 5 1 1 2 1 1 0 0 0
168 4 1 1 6 0 0 0 0 0
fl=./stdlib/./stdlib/exit.c
fn=__run_exit_handlers
40 10 1 1 0 0 0 12 0 0
45 2 0 0 0 0 0 0 0 0
46 2 1 1 0 0 0 0 0 0
48 6 1 1 1 0 0 0 0 0
59 1 0 0 1 1 1 0 0 0
61 1 0 0 0 0 0 0 0 0
65 3 0 0 0 0 0 1 0 0
69 24 0 0 12 1 1 0 0 0
71 22 1 1 0 0 0 11 0 0
72 12 0 0 11 1 1 0 0 0
74 84 0 0 11 2 2 0 0 0
98 2 0 0 1 1 1 0 0 0
101 3 0 0 1 0 0 0 0 0
108 2 0 0 0 0 0 2 0 0
110 2 1 1 4 0 0 0 0 0
112 4 0 0 2 0 0 0 0 0
115 10 1 1 0 0 0 0 0 0
116 6 0 0 0 0 0 0 0 0
117 10 1 0 0 0 0 0 0 0
121 6 1 1 2 1 0 0 0 0
127 2 1 1 1 0 0 1 0 0
128 1 0 0 0 0 0 0 0 0
134 6 1 1 1 0 0 0 0 0
136 1 0 0 0 0 0 0 0 0
137 15 0 0 1 1 1 0 0 0
139 2 0 0 0 0 0 0 0 0
fn=exit
145 2 1 1 0 0 0 2 1 1
146 5 0 0 0 0 0 0 0 0
fl=./string/../include/rtld-malloc.h
fn=strdup
56 24 5 1 6 2 0 0 0 0
fl=./string/../sysdeps/aarch64/memcmp.S
fn=bcmp
46 49 1 1 0 0 0 0 0 0
51 49 0 0 0 0 0 0 0 0
52 49 0 0 0 0 0 0 0 0
93 49 0 0 0 0 0 0 0 0
94 49 0 0 0 0 0 0 0 0
95 49 0 0 0 0 0 0 0 0
100 49 0 0 0 0 0 0 0 0
101 49 0 0 0 0 0 0 0 0
103 49 0 0 0 0 0 0 0 0
104 49 0 0 0 0 0 0 0 0
105 49 0 0 0 0 0 0 0 0
106 49 0 0 0 0 0 0 0 0
110 49 1 1 0 0 0 0 0 0
111 49 0 0 0 0 0 0 0 0
112 49 0 0 0 0 0 0 0 0
121 49 1 1 0 0 0 0 0 0
122 49 0 0 49 0 0 0 0 0
123 49 0 0 49 0 0 0 0 0
124 49 0 0 49 0 0 0 0 0
125 49 0 0 49 0 0 0 0 0
126 49 0 0 0 0 0 0 0 0
fl=./string/../sysdeps/aarch64/multiarch/../memcpy.S
fn=memcpy
72 70 3 3 0 0 0 0 0 0
77 70 0 0 0 0 0 0 0 0
78 70 0 0 0 0 0 0 0 0
79 70 0 0 0 0 0 0 0 0
80 70 0 0 0 0 0 0 0 0
81 70 0 0 0 0 0 0 0 0
82 70 0 0 0 0 0 0 0 0
85 51 0 0 0 0 0 0 0 0
86 51 0 0 0 0 0 0 0 0
87 11 0 0 11 1 1 0 0 0
88 11 0 0 11 0 0 0 0 0
89 11 0 0 0 0 0 11 2 2
90 11 0 0 0 0 0 11 1 1
91 11 0 0 0 0 0 0 0 0
95 40 0 0 0 0 0 0 0 0
96 28 0 0 28 0 0 0 0 0
97 28 1 0 28 0 0 0 0 0
98 28 0 0 0 0 0 28 9 6
99 28 0 0 0 0 0 28 1 1
100 28 0 0 0 0 0 0 0 0
104 12 1 1 0 0 0 0 0 0
105 4 0 0 4 0 0 0 0 0
106 4 0 0 4 0 0 0 0 0
107 4 0 0 0 0 0 4 0 0
108 4 0 0 0 0 0 4 0 0
109 4 0 0 0 0 0 0 0 0
113 8 0 0 0 0 0 0 0 0
114 3 0 0 0 0 0 0 0 0
115 3 0 0 3 2 2 0 0 0
116 3 0 0 3 0 0 0 0 0
117 3 0 0 3 0 0 0 0 0
118 3 0 0 0 0 0 3 2 2
119 3 1 1 0 0 0 3 0 0
120 3 0 0 0 0 0 3 0 0
122 8 0 0 0 0 0 0 0 0
127 19 1 1 38 0 0 0 0 0
128 19 0 0 38 0 0 0 0 0
129 19 0 0 0 0 0 0 0 0
130 19 0 0 0 0 0 0 0 0
131 19 0 0 0 0 0 38 9 9
132 19 0 0 0 0 0 38 3 3
133 19 0 0 0 0 0 0 0 0
fl=./string/../sysdeps/aarch64/multiarch/../strlen.S
fn=__GI_strlen
51 68 1 1 0 0 0 0 0 0
53 68 0 0 0 0 0 0 0 0
54 68 0 0 68 4 4 0 0 0
55 68 0 0 0 0 0 0 0 0
56 68 0 0 0 0 0 0 0 0
57 68 0 0 0 0 0 0 0 0
58 68 0 0 0 0 0 0 0 0
59 68 0 0 0 0 0 0 0 0
60 68 0 0 0 0 0 0 0 0
62 51 0 0 0 0 0 0 0 0
63 51 0 0 0 0 0 0 0 0
64 51 0 0 0 0 0 0 0 0
65 51 0 0 0 0 0 0 0 0
68 17 0 0 17 1 1 0 0 0
69 17 0 0 0 0 0 0 0 0
70 17 0 0 0 0 0 0 0 0
71 17 1 1 0 0 0 0 0 0
72 17 0 0 0 0 0 0 0 0
73 17 0 0 0 0 0 0 0 0
75 17 0 0 0 0 0 0 0 0
77 17 0 0 0 0 0 0 0 0
78 17 0 0 0 0 0 0 0 0
79 17 0 0 0 0 0 0 0 0
80 17 0 0 0 0 0 0 0 0
fn=strlen
51 28 2 1 0 0 0 0 0 0
53 28 0 0 0 0 0 0 0 0
54 28 0 0 28 3 3 0 0 0
55 28 0 0 0 0 0 0 0 0
56 28 0 0 0 0 0 0 0 0
57 28 0 0 0 0 0 0 0 0
58 28 0 0 0 0 0 0 0 0
59 28 0 0 0 0 0 0 0 0
60 28 0 0 0 0 0 0 0 0
62 6 0 0 0 0 0 0 0 0
63 6 0 0 0 0 0 0 0 0
64 6 0 0 0 0 0 0 0 0
65 6 0 0 0 0 0 0 0 0
68 22 0 0 22 0 0 0 0 0
69 22 0 0 0 0 0 0 0 0
70 22 0 0 0 0 0 0 0 0
71 22 1 1 0 0 0 0 0 0
72 22 0 0 0 0 0 0 0 0
73 7 0 0 0 0 0 0 0 0
75 7 0 0 0 0 0 0 0 0
77 7 0 0 0 0 0 0 0 0
78 7 0 0 0 0 0 0 0 0
79 7 0 0 0 0 0 0 0 0
80 7 0 0 0 0 0 0 0 0
84 15 0 0 15 0 0 0 0 0
85 15 0 0 0 0 0 0 0 0
86 15 0 0 0 0 0 0 0 0
87 15 0 0 0 0 0 0 0 0
88 15 0 0 0 0 0 0 0 0
89 3 0 0 3 0 0 0 0 0
90 3 0 0 0 0 0 0 0 0
91 3 0 0 0 0 0 0 0 0
92 3 1 1 0 0 0 0 0 0
93 3 0 0 0 0 0 0 0 0
94 3 0 0 0 0 0 0 0 0
96 15 0 0 0 0 0 0 0 0
98 15 0 0 0 0 0 0 0 0
99 15 0 0 0 0 0 0 0 0
101 15 0 0 0 0 0 0 0 0
102 15 0 0 0 0 0 0 0 0
103 15 0 0 0 0 0 0 0 0
104 15 0 0 0 0 0 0 0 0
fl=./string/../sysdeps/aarch64/multiarch/memchr.c
fn=memchr
34 9 1 1 2 1 0 0 0 0
fl=./string/../sysdeps/aarch64/multiarch/memset.c
fn=memset
42 4 1 1 3 0 0 0 0 0
44 2 0 0 1 0 0 0 0 0
47 2 0 0 1 0 0 0 0 0
49 1 0 0 0 0 0 0 0 0
56 2 1 1 0 0 0 0 0 0
59 4 0 0 0 0 0 0 0 0
63 6 1 1 0 0 0 0 0 0
68 1 0 0 0 0 0 0 0 0
fl=./string/../sysdeps/aarch64/multiarch/strlen.c
fn=strlen
34 10 1 1 2 0 0 0 0 0
fl=./string/../sysdeps/aarch64/nptl/../memset.S
fn=__GI_memset
42 3 1 1 0 0 0 0 0 0
46 3 0 0 0 0 0 0 0 0
47 3 0 0 0 0 0 0 0 0
48 3 0 0 0 0 0 0 0 0
50 3 0 0 0 0 0 0 0 0
51 3 0 0 0 0 0 0 0 0
52 3 0 0 0 0 0 0 0 0
88 3 2 1 0 0 0 0 0 0
89 3 0 0 0 0 0 0 0 0
90 3 0 0 0 0 0 0 0 0
99 3 0 0 0 0 0 3 2 2
100 3 0 0 0 0 0 3 0 0
101 3 0 0 0 0 0 0 0 0
102 3 0 0 0 0 0 0 0 0
104 3 0 0 0 0 0 0 0 0
105 3 0 0 0 0 0 0 0 0
106 3 0 0 0 0 0 0 0 0
107 3 0 0 0 0 0 0 0 0
128 3 1 1 0 0 0 0 0 0
129 3 0 0 0 0 0 0 0 0
131 19 1 1 0 0 0 38 9 9
132 19 0 0 0 0 0 38 10 10
133 19 0 0 0 0 0 0 0 0
134 19 0 0 0 0 0 0 0 0
135 19 0 0 0 0 0 0 0 0
136 3 0 0 0 0 0 6 0 0
137 3 0 0 0 0 0 6 0 0
138 3 0 0 0 0 0 0 0 0
fn=memset
42 13 1 1 0 0 0 0 0 0
46 13 0 0 0 0 0 0 0 0
47 13 0 0 0 0 0 0 0 0
48 13 0 0 0 0 0 0 0 0
50 11 0 0 0 0 0 0 0 0
51 11 0 0 0 0 0 0 0 0
52 11 0 0 0 0 0 0 0 0
55 5 0 0 0 0 0 0 0 0
56 5 0 0 0 0 0 0 0 0
57 5 0 0 0 0 0 0 0 0
58 5 0 0 0 0 0 5 1 1
59 5 0 0 0 0 0 5 1 1
60 5 0 0 0 0 0 5 0 0
61 5 0 0 0 0 0 5 0 0
62 5 0 0 0 0 0 0 0 0
67 2 1 1 0 0 0 0 0 0
68 2 0 0 0 0 0 0 0 0
69 2 0 0 0 0 0 0 0 0
70 2 0 0 0 0 0 0 0 0
71 2 0 0 0 0 0 0 0 0
72 2 0 0 0 0 0 2 2 2
73 2 0 0 0 0 0 2 0 0
74 2 0 0 0 0 0 2 0 0
75 2 0 0 0 0 0 2 0 0
76 2 0 0 0 0 0 0 0 0
88 6 4 1 0 0 0 0 0 0
89 6 0 0 0 0 0 0 0 0
90 6 0 0 0 0 0 0 0 0
91 1 0 0 0 0 0 2 1 1
92 1 0 0 0 0 0 2 0 0
93 1 0 0 0 0 0 2 1 1
94 1 0 0 0 0 0 2 0 0
95 1 0 0 0 0 0 0 0 0
99 5 0 0 0 0 0 5 4 4
100 5 0 0 0 0 0 5 0 0
101 5 0 0 0 0 0 0 0 0
102 5 0 0 0 0 0 0 0 0
104 5 0 0 0 0 0 0 0 0
105 5 0 0 0 0 0 0 0 0
106 5 0 0 0 0 0 0 0 0
107 5 0 0 0 0 0 0 0 0
128 5 2 1 0 0 0 0 0 0
129 5 0 0 0 0 0 0 0 0
131 123 2 1 0 0 0 246 59 59
132 123 0 0 0 0 0 246 64 64
133 123 0 0 0 0 0 0 0 0
134 123 0 0 0 0 0 0 0 0
135 123 0 0 0 0 0 0 0 0
136 5 0 0 0 0 0 10 0 0
137 5 0 0 0 0 0 10 2 2
138 5 0 0 0 0 0 0 0 0
fl=./string/../sysdeps/aarch64/strchr.S
fn=index
54 16 2 1 0 0 0 0 0 0
56 16 0 0 0 0 0 0 0 0
57 16 0 0 0 0 0 0 0 0
58 16 0 0 16 5 4 0 0 0
59 16 0 0 0 0 0 0 0 0
60 16 0 0 0 0 0 0 0 0
61 16 0 0 0 0 0 0 0 0
62 16 0 0 0 0 0 0 0 0
63 16 0 0 0 0 0 0 0 0
64 16 0 0 0 0 0 0 0 0
65 16 0 0 0 0 0 0 0 0
66 16 0 0 0 0 0 0 0 0
67 16 0 0 0 0 0 0 0 0
69 6 0 0 0 0 0 0 0 0
70 6 0 0 0 0 0 0 0 0
73 6 0 0 0 0 0 0 0 0
74 6 1 1 0 0 0 0 0 0
75 6 0 0 0 0 0 0 0 0
76 6 0 0 0 0 0 0 0 0
80 11 0 0 11 2 1 0 0 0
81 11 0 0 0 0 0 0 0 0
82 11 0 0 0 0 0 0 0 0
83 11 0 0 0 0 0 0 0 0
84 11 0 0 0 0 0 0 0 0
85 11 0 0 0 0 0 0 0 0
86 2 0 0 2 0 0 0 0 0
87 2 0 0 0 0 0 0 0 0
88 2 0 0 0 0 0 0 0 0
89 2 0 0 0 0 0 0 0 0
90 2 0 0 0 0 0 0 0 0
91 2 0 0 0 0 0 0 0 0
92 1 0 0 0 0 0 0 0 0
100 10 1 1 0 0 0 0 0 0
101 10 0 0 0 0 0 0 0 0
102 10 0 0 0 0 0 0 0 0
103 10 0 0 0 0 0 0 0 0
105 10 0 0 0 0 0 0 0 0
106 10 0 0 0 0 0 0 0 0
108 10 0 0 0 0 0 0 0 0
109 10 0 0 0 0 0 0 0 0
110 10 0 0 0 0 0 0 0 0
111 10 0 0 0 0 0 0 0 0
fl=./string/../sysdeps/aarch64/strcmp.S
fn=strcmp
64 2123 2 2 0 0 0 0 0 0
67 2123 0 0 0 0 0 0 0 0
68 2123 0 0 0 0 0 0 0 0
69 2123 0 0 0 0 0 0 0 0
70 2123 0 0 0 0 0 0 0 0
71 2123 0 0 0 0 0 0 0 0
72 2423 0 0 0 0 0 0 0 0
77 2667 0 0 2667 22 5 0 0 0
78 2667 0 0 2667 10 6 0 0 0
85 3990 0 0 0 0 0 0 0 0
86 3990 0 0 0 0 0 0 0 0
88 3990 0 0 0 0 0 0 0 0
89 3990 0 0 0 0 0 0 0 0
90 3990 0 0 0 0 0 0 0 0
94 1873 0 0 0 0 0 0 0 0
95 1873 2 1 0 0 0 0 0 0
98 2007 3 1 0 0 0 0 0 0
99 2007 0 0 0 0 0 0 0 0
100 2007 0 0 0 0 0 0 0 0
102 2007 0 0 0 0 0 0 0 0
107 2007 0 0 0 0 0 0 0 0
108 2007 0 0 0 0 0 0 0 0
111 2007 0 0 0 0 0 0 0 0
112 2007 0 0 0 0 0 0 0 0
113 2007 0 0 0 0 0 0 0 0
121 1323 1 0 0 0 0 0 0 0
122 1323 0 0 1323 77 18 0 0 0
123 1323 0 0 1323 22 7 0 0 0
124 1323 0 0 0 0 0 0 0 0
125 1323 0 0 0 0 0 0 0 0
126 1323 0 0 0 0 0 0 0 0
127 1323 0 0 0 0 0 0 0 0
128 1323 0 0 0 0 0 0 0 0
129 1323 0 0 0 0 0 0 0 0
134 250 5 1 0 0 0 0 0 0
136 678 0 0 678 62 35 0 0 0
137 678 0 0 678 33 10 0 0 0
138 678 0 0 0 0 0 0 0 0
139 678 0 0 0 0 0 0 0 0
140 678 0 0 0 0 0 0 0 0
141 562 0 0 0 0 0 0 0 0
142 562 0 0 0 0 0 0 0 0
145 134 0 0 0 0 0 0 0 0
146 134 0 0 0 0 0 0 0 0
147 134 0 0 134 4 2 0 0 0
151 134 8 2 0 0 0 0 0 0
152 134 0 0 0 0 0 0 0 0
153 134 0 0 0 0 0 0 0 0
154 134 0 0 0 0 0 0 0 0
155 134 0 0 0 0 0 0 0 0
156 134 0 0 0 0 0 0 0 0
158 214 0 0 0 0 0 0 0 0
163 136 0 0 136 0 0 0 0 0
164 136 0 0 136 0 0 0 0 0
168 136 0 0 0 0 0 0 0 0
169 136 0 0 0 0 0 0 0 0
170 136 0 0 136 12 11 0 0 0
171 136 0 0 0 0 0 0 0 0
172 136 0 0 0 0 0 0 0 0
173 136 0 0 0 0 0 0 0 0
175 107 2 2 0 0 0 0 0 0
179 107 0 0 0 0 0 0 0 0
180 107 0 0 0 0 0 0 0 0
181 107 0 0 0 0 0 0 0 0
183 50 0 0 50 4 4 0 0 0
184 50 0 0 0 0 0 0 0 0
185 50 0 0 0 0 0 0 0 0
186 50 0 0 0 0 0 0 0 0
191 50 0 0 0 0 0 0 0 0
192 50 0 0 0 0 0 0 0 0
193 50 0 0 0 0 0 0 0 0
196 116 0 0 0 0 0 0 0 0
197 116 0 0 0 0 0 0 0 0
fl=./string/../sysdeps/aarch64/strrchr.S
fn=rindex
57 1 1 1 0 0 0 0 0 0
59 1 0 0 0 0 0 0 0 0
60 1 0 0 0 0 0 0 0 0
61 1 0 0 0 0 0 0 0 0
62 1 0 0 1 1 1 0 0 0
63 1 0 0 0 0 0 0 0 0
64 1 0 0 0 0 0 0 0 0
65 1 0 0 0 0 0 0 0 0
66 1 0 0 0 0 0 0 0 0
67 1 0 0 0 0 0 0 0 0
68 1 0 0 0 0 0 0 0 0
69 1 0 0 0 0 0 0 0 0
70 1 0 0 0 0 0 0 0 0
71 1 0 0 0 0 0 0 0 0
72 1 0 0 0 0 0 0 0 0
106 1 1 1 0 0 0 0 0 0
107 1 0 0 0 0 0 0 0 0
108 1 0 0 0 0 0 0 0 0
109 1 0 0 0 0 0 0 0 0
110 1 0 0 0 0 0 0 0 0
111 1 0 0 0 0 0 0 0 0
112 1 0 0 0 0 0 0 0 0
113 1 0 0 0 0 0 0 0 0
fl=./string/./string/strcspn.c
fn=strcspn
32 4 1 1 0 0 0 3 1 1
33 2 0 0 1 1 1 0 0 0
34 2 0 0 1 0 0 0 0 0
39 4 0 0 0 0 0 4 1 1
40 3 0 0 0 0 0 4 1 1
41 3 1 1 0 0 0 4 1 1
42 3 0 0 0 0 0 4 0 0
47 7 0 0 3 0 0 3 0 0
48 3 0 0 0 0 0 0 0 0
51 4 0 0 2 0 0 0 0 0
52 4 1 1 2 0 0 0 0 0
53 4 0 0 2 0 0 0 0 0
54 4 0 0 2 0 0 0 0 0
56 1 0 0 0 0 0 0 0 0
62 24 0 0 24 0 0 0 0 0
63 12 0 0 12 0 0 0 0 0
64 24 0 0 24 0 0 0 0 0
65 12 0 0 12 0 0 0 0 0
67 84 1 1 24 0 0 0 0 0
69 1 0 0 0 0 0 0 0 0
70 6 0 0 0 0 0 0 0 0
71 3 0 0 3 0 0 0 0 0
fl=./string/./string/strdup.c
fn=strdup
40 24 5 1 0 0 0 24 0 0
41 12 0 0 0 0 0 0 0 0
44 6 0 0 0 0 0 0 0 0
47 18 0 0 0 0 0 0 0 0
48 12 0 0 24 0 0 0 0 0
fl=./wcsmbs/./wcsmbs/btowc.c
fn=btowc
32 2560 1 1 512 0 0 1280 0 0
37 1280 0 0 0 0 0 0 0 0
42 512 1 1 0 0 0 0 0 0
46 640 1 1 384 1 1 0 0 0
47 256 0 0 256 2 2 0 0 0
49 256 0 0 128 1 1 0 0 0
54 512 1 1 128 0 0 0 0 0
57 1920 1 1 640 0 0 0 0 0
98 1792 0 0 1408 0 0 0 0 0
fl=./wcsmbs/./wcsmbs/wctob.c
fn=wctob
30 1280 1 1 256 1 0 640 0 0
39 256 0 0 0 0 0 0 0 0
44 256 0 0 0 0 0 0 0 0
45 128 1 1 0 0 0 0 0 0
81 1408 0 0 896 0 0 0 0 0
fl=./wcsmbs/./wcsmbsload.h
fn=btowc
69 256 0 0 128 1 0 128 0 0
70 256 0 0 128 1 1 0 0 0
fl=./wctype/./wctype/wctype_l.c
fn=wctype_l
26 70 1 1 0 0 0 80 0 0
29 20 0 0 0 0 0 0 0 0
32 20 0 0 20 1 1 0 0 0
33 68 1 1 0 0 0 0 0 0
35 174 0 0 0 0 0 0 0 0
37 361 0 0 0 0 0 0 0 0
40 96 0 0 0 0 0 0 0 0
41 96 0 0 48 0 0 0 0 0
45 20 1 1 10 1 1 0 0 0
46 20 0 0 10 2 2 0 0 0
47 50 0 0 80 0 0 0 0 0
fl=/home/debian/APUE_and_cpp_study/prep_interview/cache/cache_test.cc
fn=_GLOBAL__sub_I__Z10sequentialRSt6vectorIiSaIiEE
27 5 1 1 3 1 0 3 0 0
fn=main
20 3 1 1 0 0 0 3 0 0
23 3 0 0 0 0 0 0 0 0
24 2 0 0 0 0 0 0 0 0
27 4 0 0 3 0 0 0 0 0
fn=sequential(std::vector<int, std::allocator<int> >&)
8 30000003 0 0 0 0 0 0 0 0
9 30000000 1 1 10000000 625001 625001 10000000 0 0
11 1 0 0 0 0 0 0 0 0
fn=strided(std::vector<int, std::allocator<int> >&)
15 40000004 0 0 0 0 0 0 0 0
16 50000000 1 1 10000000 10000000 10000000 10000000 0 0
18 1 0 0 0 0 0 0 0 0
fl=/usr/include/c++/12/bits/new_allocator.h
fn=main
137 5 0 0 0 0 0 0 0 0
158 4 0 0 0 0 0 0 0 0
fl=/usr/include/c++/12/bits/stl_algobase.h
fn=main
921 5000001 0 0 0 0 0 0 0 0
922 2500001 0 0 0 0 0 2500000 625000 625000
fl=/usr/include/c++/12/bits/stl_vector.h
fn=main
395 1 0 0 0 0 0 1 0 0
397 1 0 0 0 0 0 0 0 0
1701 1 1 1 0 0 0 1 1 1
fn=sequential(std::vector<int, std::allocator<int> >&)
988 3 1 1 2 1 1 0 0 0
fn=strided(std::vector<int, std::allocator<int> >&)
988 3 0 0 2 2 2 0 0 0
fl=/usr/include/c++/12/iostream
fn=_GLOBAL__sub_I__Z10sequentialRSt6vectorIiSaIiEE
74 10 2 1 1 1 0 0 0 0
fl=???
fn=(below main)
0 12 1 1 2 2 0 0 0 0
fn=???
0 5348 204 196 1354 198 51 454 27 22
fn=__aarch64_cas4_acq
0 288 2 1 96 9 4 0 0 0
fn=__aarch64_cas8_acq
0 6 1 1 2 0 0 0 0 0
fn=__aarch64_ldadd4_acq
0 12 2 2 6 1 1 0 0 0
fn=__aarch64_ldadd4_relax
0 20 1 1 4 2 0 2 0 0
fn=__aarch64_ldadd8_acq
0 12 0 0 6 1 1 0 0 0
fn=__aarch64_swp4_rel
0 276 4 2 138 0 0 0 0 0
fn=__cxa_get_globals
0 20 2 2 6 1 1 4 0 0
fn=__cxxabiv1::__si_class_type_info::__do_dyncast(long, __cxxabiv1::__class_type_info::__sub_kind, __cxxabiv1::__class_type_info const*, void const*, __cxxabiv1::__class_type_info const*, void const*, __cxxabiv1::__class_type_info::__dyncast_result&) const
0 1320 4 4 520 0 0 560 0 0
fn=__cxxabiv1::__vmi_class_type_info::__do_dyncast(long, __cxxabiv1::__class_type_info::__sub_kind, __cxxabiv1::__class_type_info const*, void const*, __cxxabiv1::__class_type_info const*, void const*, __cxxabiv1::__class_type_info::__dyncast_result&) const
0 448 6 6 152 3 2 128 0 0
fn=__dynamic_cast
0 1920 4 4 720 26 7 432 0 0
fn=__gnu_cxx::stdio_sync_filebuf<char, std::char_traits<char> >::sync()
0 10 1 1 5 2 2 0 0 0
fn=__gnu_cxx::stdio_sync_filebuf<wchar_t, std::char_traits<wchar_t> >::sync()
0 10 0 0 5 2 2 0 0 0
fn=bool std::has_facet<std::ctype<char> >(std::locale const&)
0 112 3 3 40 2 0 12 0 0
fn=bool std::has_facet<std::ctype<wchar_t> >(std::locale const&)
0 112 2 2 40 4 0 12 0 0
fn=bool std::has_facet<std::num_get<char, std::istreambuf_iterator<char, std::char_traits<char> > > >(std::locale const&)
0 112 1 1 40 2 0 12 0 0
fn=bool std::has_facet<std::num_get<wchar_t, std::istreambuf_iterator<wchar_t, std::char_traits<wchar_t> > > >(std::locale const&)
0 112 2 2 40 1 0 12 0 0
fn=bool std::has_facet<std::num_put<char, std::ostreambuf_iterator<char, std::char_traits<char> > > >(std::locale const&)
0 112 3 3 40 1 0 12 0 0
fn=bool std::has_facet<std::num_put<wchar_t, std::ostreambuf_iterator<wchar_t, std::char_traits<wchar_t> > > >(std::locale const&)
0 112 2 2 40 3 0 12 0 0
fn=call_weak_fn
0 8 3 3 2 1 0 0 0 0
fn=init_have_lse_atomics
0 18 2 2 4 0 0 6 1 1
fn=operator delete(void*)
0 1 0 0 0 0 0 0 0 0
fn=operator delete(void*, unsigned long)
0 1 1 1 0 0 0 0 0 0
fn=operator new(unsigned long)
0 11 1 1 3 0 0 3 0 0
fn=std::__cxx11::messages<char>::messages(unsigned long)
0 18 2 2 4 1 0 7 1 1
fn=std::__cxx11::messages<wchar_t>::messages(unsigned long)
0 18 2 2 4 0 0 7 1 1
fn=std::__cxx11::moneypunct<char, false>::_M_initialize_moneypunct(__locale_struct*, char const*)
0 114 4 4 35 2 1 29 0 0
fn=std::__cxx11::moneypunct<char, true>::_M_initialize_moneypunct(__locale_struct*, char const*)
0 115 4 4 35 0 0 29 0 0
fn=std::__cxx11::moneypunct<wchar_t, false>::_M_initialize_moneypunct(__locale_struct*, char const*)
0 93 4 4 24 2 0 28 0 0
fn=std::__cxx11::moneypunct<wchar_t, true>::_M_initialize_moneypunct(__locale_struct*, char const*)
0 94 4 4 24 0 0 28 0 0
fn=std::__cxx11::numpunct<char>::_M_initialize_numpunct(__locale_struct*)
0 475 5 5 136 5 2 75 0 0
fn=std::__cxx11::numpunct<wchar_t>::_M_initialize_numpunct(__locale_struct*)
0 348 4 4 73 5 1 74 3 3
fn=std::__timepunct<char>::_M_initialize_timepunct(__locale_struct*)
0 126 9 9 7 0 0 53 0 0
fn=std::__timepunct<char>::__timepunct(std::__timepunct_cache<char>*, unsigned long)
0 20 2 2 4 1 0 8 1 1
fn=std::__timepunct<wchar_t>::_M_initialize_timepunct(__locale_struct*)
0 126 9 9 6 0 0 52 0 0
fn=std::__timepunct<wchar_t>::__timepunct(std::__timepunct_cache<wchar_t>*, unsigned long)
0 20 2 2 4 1 0 8 1 1
fn=std::basic_ios<char, std::char_traits<char> >::_M_cache_locale(std::locale const&)
0 116 2 2 16 0 0 28 0 0
fn=std::basic_ios<char, std::char_traits<char> >::init(std::basic_streambuf<char, std::char_traits<char> >*)
0 72 2 2 16 0 0 36 0 0
fn=std::basic_ios<wchar_t, std::char_traits<wchar_t> >::_M_cache_locale(std::locale const&)
0 116 3 3 16 0 0 28 0 0
fn=std::basic_ios<wchar_t, std::char_traits<wchar_t> >::init(std::basic_streambuf<wchar_t, std::char_traits<wchar_t> >*)
0 76 2 2 16 0 0 40 0 0
fn=std::basic_ostream<wchar_t, std::char_traits<wchar_t> >::flush()
0 154 3 3 75 7 7 20 0 0
fn=std::basic_ostream<wchar_t, std::char_traits<wchar_t> >::sentry::sentry(std::basic_ostream<wchar_t, std::char_traits<wchar_t> >&)
0 85 3 3 38 3 3 28 0 0
fn=std::codecvt<char, char, __mbstate_t>::codecvt(unsigned long)
0 16 2 2 5 0 0 7 1 1
fn=std::codecvt<wchar_t, char, __mbstate_t>::codecvt(unsigned long)
0 16 2 2 5 1 0 7 2 2
fn=std::ctype<char> const& std::use_facet<std::ctype<char> >(std::locale const&)
0 92 3 3 40 0 0 12 0 0
fn=std::ctype<char>::ctype(unsigned short const*, bool, unsigned long)
0 53 4 4 9 4 2 46 9 9
fn=std::ctype<wchar_t> const& std::use_facet<std::ctype<wchar_t> >(std::locale const&)
0 92 2 2 40 0 0 12 0 0
fn=std::ctype<wchar_t>::_M_convert_to_wmask(unsigned short) const
0 156 6 6 10 0 0 0 0 0
fn=std::ctype<wchar_t>::_M_initialize_ctype()
0 2703 5 5 9 0 0 417 19 19
fn=std::ctype<wchar_t>::ctype(unsigned long)
0 18 2 2 5 1 0 8 2 2
fn=std::error_category::error_category()
0 10 1 1 2 1 0 2 0 0
fn=std::error_category::~error_category()
0 2 0 0 0 0 0 0 0 0
fn=std::future_category()
0 3 1 1 0 0 0 0 0 0
fn=std::ios_base::Init::Init()
0 300 21 20 59 20 1 143 13 13
fn=std::ios_base::Init::~Init()
0 33 3 3 12 9 9 3 0 0
fn=std::ios_base::_M_init()
0 160 2 2 40 4 1 48 0 0
fn=std::ios_base::ios_base()
0 408 2 2 8 3 0 192 32 31
fn=std::locale::_Impl::_Impl(unsigned long)
0 650 41 41 93 46 4 231 40 33
fn=std::locale::_Impl::_M_install_facet(std::locale::id const*, std::locale::facet const*)
0 10496 5 5 2112 17 0 384 0 0
fn=std::locale::facet::_S_create_c_locale(__locale_struct*&, char const*, __locale_struct*)
0 11 2 2 3 0 0 4 0 0
fn=std::locale::facet::_S_get_c_locale()
0 168 1 1 84 0 0 28 0 0
fn=std::locale::facet::_S_get_c_name()
0 21 1 1 7 2 0 0 0 0
fn=std::locale::id::_M_id() const
0 1628 3 3 632 27 4 426 0 0
fn=std::locale::locale()
0 440 4 3 198 3 0 154 1 0
fn=std::locale::locale(std::locale::_Impl*)
0 2 1 1 0 0 0 1 0 0
fn=std::locale::operator=(std::locale const&)
0 176 4 4 80 0 0 48 0 0
fn=std::locale::~locale()
0 96 2 2 48 0 0 24 0 0
fn=std::messages<char>::messages(unsigned long)
0 18 2 2 4 0 0 7 0 0
fn=std::messages<wchar_t>::messages(unsigned long)
0 18 2 2 4 1 0 7 0 0
fn=std::moneypunct<char, false>::_M_initialize_moneypunct(__locale_struct*, char const*)
0 114 4 4 35 0 0 29 2 0
fn=std::moneypunct<char, true>::_M_initialize_moneypunct(__locale_struct*, char const*)
0 115 4 4 35 0 0 29 1 0
fn=std::moneypunct<wchar_t, false>::_M_initialize_moneypunct(__locale_struct*, char const*)
0 93 4 4 24 0 0 28 3 0
fn=std::moneypunct<wchar_t, true>::_M_initialize_moneypunct(__locale_struct*, char const*)
0 94 4 4 24 0 0 28 3 0
fn=std::num_get<char, std::istreambuf_iterator<char, std::char_traits<char> > > const& std::use_facet<std::num_get<char, std::istreambuf_iterator<char, std::char_traits<char> > > >(std::locale const&)
0 92 2 2 40 1 0 12 0 0
fn=std::num_get<wchar_t, std::istreambuf_iterator<wchar_t, std::char_traits<wchar_t> > > const& std::use_facet<std::num_get<wchar_t, std::istreambuf_iterator<wchar_t, std::char_traits<wchar_t> > > >(std::locale const&)
0 92 2 2 40 0 0 12 0 0
fn=std::num_put<char, std::ostreambuf_iterator<char, std::char_traits<char> > > const& std::use_facet<std::num_put<char, std::ostreambuf_iterator<char, std::char_traits<char> > > >(std::locale const&)
0 92 2 2 40 0 0 12 0 0
fn=std::num_put<wchar_t, std::ostreambuf_iterator<wchar_t, std::char_traits<wchar_t> > > const& std::use_facet<std::num_put<wchar_t, std::ostreambuf_iterator<wchar_t, std::char_traits<wchar_t> > > >(std::locale const&)
0 92 2 2 40 0 0 12 0 0
fn=std::numpunct<char>::_M_initialize_numpunct(__locale_struct*)
0 475 6 6 136 0 0 75 2 0
fn=std::numpunct<wchar_t>::_M_initialize_numpunct(__locale_struct*)
0 348 5 5 73 2 0 74 4 0
fn=std::ostream::flush()
0 154 4 4 75 8 8 20 0 0
fn=std::ostream::sentry::sentry(std::ostream&)
0 85 3 3 38 4 4 28 0 0
fn=std::uncaught_exception()
0 16 1 1 6 1 1 4 0 0
summary: 159005923 1748 1482 20442477 10640661 10633510 22666137 627662 626637
